1232 000)0000 6202 5777 0037 6342 2411 6141 6141 @@2B/?@_3"TI1!1!
1232 010)0641 0011 0001 0721 3314 0643 0721 7300 F!@I@AGQ[LF#GQ;@
1232 020)0000 3224 6141 0700 0000 0011 0002 5620 @@ZT1!G@@@@I@B.P
1232 030)3344 7300 6141 6312 0700 1364 1000 0035 [$;@1!3JG@K4H@@]
1232 040)1460 1456 6044 6200 1020 0001 1140 0035 L0L.0$2@HP@AI @]
1232 050)0011 0002 5630 1543 4500 1202 3235 1202 @I@B.XM#%@JBZ]JB
1232 060)1130 3241 1310 3011 1157 3715 3711 1316 IXZ!KHXII/_M_IKN
1232 070)3717 4720 3037 6141 0643 0720 6342 0700 _O'PX_1!F#GP3"G@
1232 100)7343 0643 0011 0002 7040 3012 5653 3402 ;#F#@I@B8 XJ.+\B
1232 110)2370 3357 3666 4337 7640 3362 4400 3360 S8[/^6#_> [2$@[0
1232 120)4030 1011 4513 4712 1313 3016 1013 3017  XHI%K'JKKXNHKXO
1232 130)3173 1416 7710 2173 2017 5331 1173 3713 Y;LN?HQ;PO+YI;_K
1232 140)1351 4513 4601 4605 4746 5517 3746 4336 K)%K&A&E'&-O_&#^
1232 150)4400 0437 5401 1030 0132 5363 2020 1037 $@D_,AHXAZ+3PPH_
1232 160)7700 5366 1030 4434 4504 5503 1030 0137 ?@+6HX$\%D-CHXA_
1232 170)7041 1046 7640 5353 1030 0144 5363 7113 8!H&> ++HXA$+39K

1233 000)0002 7200 1205 4476 5516 0010 4142 3212 @B:@JE$>-N@H!"ZJ
1233 010)6141 0714 0437 0011 0002 5606 0000 3234 1!GLD_@I@B.F@@Z\
1233 020)1166 3237 1037 7700 5232 1234 7041 1166 I6Z_H_?@*ZJ\8!I6
1233 030)3166 5616 6141 1020 0000 0017 1120 0000 Y6.N1!HP@@@OIP@@
1233 040)0002 5230 0000 3257 1166 3261 1037 7700 @B*X@@Z/I6Z1H_?@
1233 050)5255 1257 1166 3166 5642 6141 1020 0000 *-J/I6Y6."1!HP@@
1233 060)1120 0000 0002 5253 0000 3270 6141 0716 IP@@@B*+@@Z81!GN
1233 070)0000 0011 0002 5664 5144 6141 1000 0777 @@@I@B.4)$1!H@G?
1233 100)0321 1560 7774 4313 0264 1620 0700 4035 CQM0?<#KB4NPG@ ]
1233 110)0002 5674 1020 0000 0001 0011 6000 3677 @B.<HP@@@A@I0@^?
1233 120)3323 6141 0710 2377 0011 0002 5717 1136 [S1!GHS?@I@B/OI^
1233 130)7240 1047 3047 1447 5727 2217 0000 0004 : H'X'L'/WRO@@@D
1233 140)7777 7777 0000 0000 0000 0000 0000 0000 ????@@@@@@@@@@@@
1233 150)7777 0000 0000 0000 0000 0000 0000 7777 ??@@@@@@@@@@@@??
1233 160)0000 0000 0000 0000 0000 0000 0000 0000 @@@@@@@@@@@@@@@@
1233 170)0000 0000 0000 0000 0000 0000 0000 0000 @@@@@@@@@@@@@@@@

1234 000)0000 5001 0002 0003 0200 0547 7771 0007 @@(A@B@CB@E'?9@G
1234 010)0000 0000 7401 3607 0003 2420 5115 5140 @@@@<A^G@CTP)M)
1234 020)0000 0000 0000 0000 0004 0400 0200 0100 @@@@@@@@@DD@B@A@
1234 030)0000 0260 0200 0205 0413 1013 0600 4440 @@B0B@BEDKHKF@$
1234 040)0614 0014 7640 5425 1035 3164 7604 0027 FL@L> ,UH]Y4>D@W
1234 050)7440 5054 4163 3021 7604 0026 7640 5064 < (,!3XQ>D@V> (4
1234 060)4163 3020 1020 4150 7604 0025 7640 5074 !3XPHP!(>D@U> (<
1234 070)4163 3002 1002 4150 7240 1002 3010 1015 !3XBHB!(: HBXHHM
1234 100)3410 1016 3410 1017 3410 1021 3420 1021 \HHN\HHO\HHQ\PHQ
1234 110)3022 1022 7001 3023 5405 7604 7004 7710 XRHR8AXS,E>D8D?H
1234 120)5131 1420 7041 1023 7640 5432 1420 7650 )YLP8!HS> ,ZLP>(
1234 130)5432 7604 0024 7440 5046 7001 1022 5110 ,Z>D@T< (&8AHR)H
1234 140)7604 7004 7710 5046 1420 7640 5433 5046 >D8D?H(&LP> ,[(&
1234 150)0000 7510 5157 1003 7700 5550 5164 1004 @@=H)/HC?@-()4HD
1234 160)7700 5164 5550 0000 1013 7104 7430 1014 ?@)4-(@@HK9D<XHL
1234 170)3013 1013 5563 0333 0334 1000 0000 0000 XKHK-3C[C\H@@@@@

1235 000)1341 3333 7040 3030 5207 1332 3333 1342 K![[8 XX*GKZ[[K"
1235 010)3334 1002 3010 1371 4343 1020 3010 1372 [\HBXHK9##HPXHK:
1235 020)4343 1021 3010 1373 4343 1022 3010 1374 ##HQXHK;##HRXHK<
1235 030)4343 1420 3010 1375 4343 6002 1031 3010 ##LPXHK=##0BHYXH
1235 040)1410 6046 6041 5242 1012 7640 5240 6042 LH0&0!*"HJ> * 0"
1235 050)6001 7604 7710 7402 1030 7650 5046 3030 0A>D?H<BHX>((&XX
1235 060)5131 0306 0240 0000 0000 0000 0000 0240 )YCFB @@@@@@@@B
1235 070)0240 0324 0240 0000 0000 0000 0000 0215 B CTB @@@@@@@@BM
1235 100)0212 0215 0215 0317 0240 0000 0000 0000 BJBMBMCOB @@@@@@
1235 110)0000 0240 0240 0306 0240 0000 0000 0000 @@B B CFB @@@@@@
1235 120)0000 0240 0240 0322 0240 0000 0000 0000 @@B B CRB @@@@@@
1235 130)0000 0240 0240 0316 0323 0215 0212 0212 @@B B CNCSBMBJBJ
1235 140)0377 0316 0323 0000 3011 1010 7006 7006 C?CNCS@@XIHH8F8F
1235 150)4363 7012 7012 7012 4363 7012 7010 4363 #38J8J8J#38J8H#3
1235 160)4363 7200 5743 0000 0007 1376 3411 1010 #3:@/#@@@GK>\IHH
1235 170)5763 0262 0272 0304 0314 0324 0260 4570 /3B2B:CDCLCTB0%8

1236 000)1003 7041 3310 1003 7040 3311 1346 3313 HC8![HHC8 [IK&[K
1236 010)1314 3164 5046 1163 7041 1305 7650 5303 KLY4(&I38!KE>(+C
1236 020)1163 7041 1306 7650 5301 5226 1713 3312 I38!KF>(+A*VOK[J
1236 030)1312 7450 5240 7201 1313 3313 1312 5563 KJ<(* :AKK[KKJ-3
1236 040)1345 3313 7001 1311 3311 1311 7041 1310 K%[K8AKI[IKI8!KH
1236 050)7640 5255 1311 1014 3311 1311 7500 5276 > *-KIHL[IKI=@*>
1236 060)1004 7710 5276 7201 1310 3310 1003 7041 HD?H*>:AKH[HHC8!
1236 070)3311 1310 1004 7640 5276 5200 7200 1312 [IKHHD> *>*@:@KJ
1236 100)5563 1311 5563 1310 5563 0071 0061 0053 -3KI-3KH-3@9@1@+
1236 110)0000 0000 0000 0000 5434 7776 7775 7773 @@@@@@@@,\?>?=?;
1236 120)7767 7757 7737 7677 7577 7377 6777 5777 ?7?/?_>?=?;?7?/?
1236 130)3777 0001 0003 0007 0017 0037 0077 0177 _?@A@C@G@O@_@?A?
1236 140)0377 0777 1777 3777 0000 0515 0544 1177 C?G?O?_?@@EME$I?
1236 150)7001 3177 1177 7640 5436 1176 1175 3176 8AY?I?> ,^I>I=Y>
1236 160)1176 7640 5436 6002 1375 3573 1376 3574 I>> ,^0BK=];K>]<
1236 170)1374 3010 5773 7602 0332 0260 0267 4552 K<XH/;>BCZB0B7%*

1237 000)1020 7041 1002 7450 5054 7001 7450 5054 HP8!HB<((,8A<((,
1237 010)7001 7650 5054 5402 0000 3000 1232 3001 8A>((,,B@@X@JZXA
1237 020)1233 3002 1234 3003 1235 3037 1236 3040 J[XBJ\XCJ]X_J^X
1237 030)6001 5614 7402 0000 7157 6001 7604 1752 0A.L<B@@9/0A>DO*
1237 040)7420 5762 7000 7000 7604 7106 7430 5200 <P/28@8@>D9F<X*@
1237 050)5753 7100 7621 1744 7421 1743 7407 0000 /+9@>QO$<QO#<G@@
1237 060)3355 7430 7040 3356 7501 3357 7441 3350 [-<X8 [.=A[/<![(
1237 070)1766 7650 5274 5276 1760 7410 1761 7140 O6>(*<*>O0<HO19
1237 100)1355 7040 7440 5763 7430 5763 1764 7040 K-8 < /3<X/3O48
1237 110)1357 7040 7440 5763 7430 5763 1356 7440 K/8 < /3<X/3K.<
1237 120)5763 7441 7140 1354 7040 7440 5763 7430 /3<!9 K,8 < /3<X
1237 130)5763 7404 7006 7630 5251 7404 7006 7006 /3<D8F>X*)<D8F8F
1237 140)7430 5753 5765 0264 0265 0000 0000 0000 <X/+/5B4B5@@@@@@
1237 150)0000 0554 0337 0203 0015 0000 0000 0000 @@E,C_BC@M@@@@@@
1237 160)0317 0316 1000 1400 0354 2000 0566 6064 COCNH@L@C,P@E604
1237 170)6043 6764 6460 4367 6460 6243 6260 6062 0#7440#7402#2002

1240 000)7200 7410 7240 3003 1473 3472 6141 0647 :@<H: XCL;\:1!F'
1240 010)0500 6214 0301 1560 7770 1120 7770 0470 E@2LCAM0?8IP?8D8
1240 020)7141 1020 7000 0640 1040 2237 1040 2241 9!HP8@F H R_H R!
1240 030)1040 2252 1040 2254 1040 2271 1040 2551 H R*H R,H R9H U)
1240 040)1040 2362 1040 2625 1040 2666 1040 3154 H S2H VUH V6H Y,
1240 050)1040 3156 0641 1040 2003 1040 2021 1040 H Y.F!H PCH PQH
1240 060)2304 1040 2306 1040 2432 1040 2445 1040 SDH SFH TZH T%H
1240 070)2466 1040 2475 1040 2514 1040 2515 1040 T6H T=H ULH UMH
1240 100)2517 1040 2525 1040 3547 1040 3551 1040 UOH UUH ]'H ])H
1240 110)3561 1040 3563 1020 0643 1040 3304 4074 ]1H ]3HPF#H [D <
1240 120)1020 7377 0640 1040 2367 1020 7577 1040 HP;?F H S7HP=?H
1240 130)2773 1020 1732 1040 2074 1020 0671 1040 W;HPOZH P<HPF9H
1240 140)2112 0643 0002 4746 4460 5472 4274 4347 QJF#@B'&$0,:"<#'
1240 150)2401 0440 1140 6166 4347 0116 0440 2405 TAD I 16#'AND TE
1240 160)1520 4347 0116 0440 2063 6767 6743 0304 MP#'AND P3777#CD
1240 170)0606 5447 6662 6061 4347 0403 0140 1140 FF,'6201#'DCA I

1241 000)6167 4347 1215 2040 1517 2602 4322 0116 17#'JMP MOVB#RAN
1241 010)0454 4760 4301 1604 4003 1716 4304 0301 D,'0#AND CON#DCA
1241 020)4003 1716 4312 1520 4011 4022 0116 0443  CON#JMP I RAND#
1241 030)0516 0415 2354 4724 0104 4020 0123 2343 ENDMS,'TAD PASS#
1241 040)2320 0140 0314 0143 1215 2040 1140 2205 SPA CLA#JMP I RE
1241 050)2461 4312 1520 4011 4015 0111 1605 3043 T1#JMP I MAINEX#
1241 060)4752 6567 6343 6043 6043 6047 5706 1126 '*573#0#0#0'/FIV
1241 070)0540 2320 0103 0523 4010 0522 0540 1722 E SPACES HERE OR
1241 100)4023 1715 0527 1005 2205 4011 1640 4360  SOMEWHERE IN #0
1241 110)4757 2305 0715 1624 4060 4006 1722 4004 '/SEGMNT 0 FOR D
1241 120)1123 1340 0411 0114 4360 4357 2004 2055 ISK DIAL#0#/PDP-
1241 130)6162 4001 2323 0515 0214 0522 4020 0107 12 ASSEMBLER PAG
1241 140)0540 6343 5266 6060 4357 2331 1502 1714 E 3#*600#/SYMBOL
1241 150)4016 2515 0205 2240 0405 0317 0405 2243  NUMBER DECODER#
1241 160)2304 0503 1770 5447 6047 4757 0317 1626 SDECO8,'0''/CONV
1241 170)0522 2440 0140 2331 1502 1714 4016 2515 ERT A SYMBOL NUM

1242 000)6360 6062 4367 6360 6043 6160 6465 4363 3002#7300#1045#3
1242 010)6260 6043 6262 6060 4361 6067 6343 6162 200#2200#1073#12
1242 020)6060 4367 6064 6043 6764 6260 4367 6464 00#7040#7420#744
1242 030)6043 6764 6062 4367 6260 6043 6160 6062 0#7402#7200#1002
1242 040)4367 6060 6143 6764 6460 4365 6362 6643 #7001#7440#5326#
1242 050)6762 6060 4363 6060 6243 6763 6060 4361 7200#3002#7300#1
1242 060)6064 6643 6362 6060 4362 6260 6043 6160 046#3200#2200#10
1242 070)6764 4361 6260 6043 6760 6460 4367 6462 74#1200#7040#742
1242 100)6043 6764 6460 4367 6460 6243 6762 6060 0#7440#7402#7200
1242 110)4361 6060 6243 6760 6061 4367 6464 6043 #1002#7001#7440#
1242 120)6563 6467 4367 6260 6043 5264 6260 6043 5347#7200#*4200#
1242 130)6043 6360 6062 4367 6360 6043 6160 6467 0#3002#7300#1047
1242 140)4363 6260 6043 6262 6060 4361 6067 6543 #3200#2200#1075#
1242 150)6162 6060 4367 6064 6043 6764 6260 4367 1200#7040#7420#7
1242 160)6464 6043 6764 6062 4367 6260 6043 6160 440#7402#7200#10
1242 170)6062 4367 6060 6143 6764 6460 4365 6260 02#7001#7440#520

1243 000)6143 6762 1410 6046 6041 5204 1012 7640 1#72LH0&0!*DHJ>
1243 010)5202 5217 6043 6362 6060 4362 6260 6042 *B*O0#3200#2200"
1243 020)6001 5436 4361 6260 6043 6760 6460 4367 0A,^#1200#7040#7
1243 030)6462 6043 6764 6460 4367 6460 6243 6762 420#7440#7402#72
1243 040)6060 4361 6060 6243 6760 6061 4367 6464 00#1002#7001#744
1243 050)6043 6562 6262 4367 6260 6043 6360 6062 0#5222#7200#3002
1243 060)4367 6360 6043 6160 6561 4363 6260 6043 #7300#1051#3200#
1243 070)6262 6060 4367 6460 6243 6160 6561 4361 2200#7402#1051#1
1243 100)6260 6043 6760 6460 4367 6462 6043 6764 200#7040#7420#74
1243 110)6460 4367 6460 6243 6762 6060 4361 6060 40#7402#7200#100
1243 120)6243 6760 6061 4367 6464 6043 6562 6463 2#7001#7440#5243
1243 130)4367 6364 6043 6260 4367 6465 6043 6764 #7340#20#7450#74
1243 140)6360 4367 6460 6243 6262 6764 4365 6266 30#7402#2274#526
1243 150)6443 6764 6160 4360 4367 6360 6043 6160 4#7410#0#7300#10
1243 160)6460 4367 6064 6043 6164 6266 4367 6064 40#7040#1426#704
1243 170)6043 6764 6260 4367 6464 6043 6764 6062 0#7420#7440#7402

1244 000)0000 6202 5777 0200 6342 2411 6141 6141 @@2B/?B@3"TI1!1!
1244 010)0641 0011 0001 0721 3314 0643 0721 7300 F!@I@AGQ[LF#GQ;@
1244 020)0000 3224 6141 0700 0000 0011 0002 5620 @@ZT1!G@@@@I@B.P
1244 030)3344 7300 6141 6312 0700 1364 1000 0035 [$;@1!3JG@K4H@@]
1244 040)1460 1456 6044 6200 1020 0001 1140 0035 L0L.0$2@HP@AI @]
1244 050)0011 0002 5630 1543 4500 1202 3235 1202 @I@B.XM#%@JBZ]JB
1244 060)1130 3241 1310 3011 1157 3715 3711 1316 IXZ!KHXII/_M_IKN
1244 070)3717 4720 3037 6141 0643 0720 6342 0700 _O'PX_1!F#GP3"G@
1244 100)7343 0643 0011 0002 7040 3012 5653 3402 ;#F#@I@B8 XJ.+\B
1244 110)2370 3357 3666 4337 7640 3362 4400 3360 S8[/^6#_> [2$@[0
1244 120)4030 1011 4513 4712 1313 3016 1013 3017  XHI%K'JKKXNHKXO
1244 130)3173 1416 7710 2173 2017 5331 1173 3713 Y;LN?HQ;PO+YI;_K
1244 140)1351 4513 4601 4605 4746 5517 3746 4336 K)%K&A&E'&-O_&#^
1244 150)4400 0437 5401 1030 0132 5363 2020 1037 $@D_,AHXAZ+3PPH_
1244 160)7700 5366 1030 4434 4504 5503 1030 0137 ?@+6HX$\%D-CHXA_
1244 170)7041 1046 7640 5353 1030 0144 5363 7113 8!H&> ++HXA$+39K

