
0000 000)7774 6223 0200 0000 0000 2320 7400 0120 ?<2SB@@@@@SP<@AP
0000 010)0000 2510 0000 3700 1014 0014 0025 2423 @@UH@@_@HL@L@UTS
0000 020)1422 7423 0400 7400 1011 0023 0024 2410 LR<SD@<@HI@S@TTH
0000 030)0040 1001 0017 2426 0040 7403 0022 2422 @ HA@OTV@ <C@RTR
0000 040)1003 0024 1050 0031 1017 0022 1416 7451 HC@TH(@YHO@RLN<)
0000 050)0000 0174 0413 5077 0425 2012 1471 4006 @@A<DK(?DUPJL9 F
0000 060)1404 7013 0032 0007 0400 2436 1022 5025 LD8K@Z@GD@T^HR(U
0000 070)1010 0073 0412 5024 1024 0073 1412 7024 HH@;DJ(THT@;LJ8T
0000 100)0040 0052 1062 7403 0075 0000 3400 6400 @ @*H2<C@=@@\@4@
0000 110)1075 7003 0062 0001 1025 3436 4200 0200 H=8C@2@AHU\^"@B@
0000 120)4200 0200 4200 0200 4200 0200 4200 0200 "@B@"@B@"@B@"@B@
0000 130)4200 0200 4200 0200 4200 0200 4200 0200 "@B@"@B@"@B@"@B@
0000 140)4200 0200 4200 0200 4200 0200 4200 0200 "@B@"@B@"@B@"@B@
0000 150)4200 0200 4200 0200 4200 0200 4200 0200 "@B@"@B@"@B@"@B@
0000 160)4200 0200 4200 0200 4200 0200 4200 0200 "@B@"@B@"@B@"@B@
0000 170)4200 0200 4200 0200 4200 0200 4200 0200 "@B@"@B@"@B@"@B@

0001 000)7000 7000 0000 6212 4777 3601 1201 7001 8@8@@@2J'?^AJA8A
0001 010)0376 3201 1200 7140 1201 0124 7650 5225 C>ZAJ@9 JAAT>(*U
0001 020)1202 3022 1517 4775 1000 6001 5602 0000 JBXRMO'=H@0A.B@@
0001 030)1102 1374 7640 5627 3600 1200 7001 0376 IBK<> .W^@J@8AC>
0001 040)3200 1600 7450 5627 1120 3112 6002 1512 Z@N@<(.WIPYJ0BMJ
0001 050)0373 3512 6001 5627 0000 7300 2074 5303 C;]J0A.W@@;@P<+C
0001 060)7344 1073 3073 7346 3074 6211 1473 2073 ;$H;X;;&X<2IL;P;
0001 070)0340 7106 7006 3026 1473 0372 1026 7006 C 9F8FXVL;C:HV8F
0001 100)7006 7004 5337 1073 0125 7640 5335 1072 8F8D+_H;AU> +]H:
0001 110)1371 3073 1254 4546 4202 1073 3325 1075 K9X;J,%&"BH;[UH=
0001 120)3327 2075 7201 6212 4770 0000 7600 0000 [WP=:A2J'8@@>@@@
0001 130)4227 4551 3254 7344 3074 6211 1473 2073 "W%)Z,;$X<2IL;P;
0001 140)7400 6201 0125 7440 1132 7440 1367 7450 <@2AAU< IZ< K7<(
0001 150)5255 1366 7440 5360 2254 3075 1365 3066 *-K6< +0R,X=K5X6
0001 160)1364 3026 5654 4544 0032 3714 7762 7776 K4XV.,%$@Z_L?2?>
0001 170)3200 0200 7400 6777 7311 5600 7607 3560 Z@B@<@7?;I.@>G]0

0002 000)7745 6262 5762 5156 7762 4541 4471 7777 ?%22/2).?2%!$9??
0002 010)4445 5445 6445 4477 6750 4164 3777 7763 $%,%4%$?7(!4_??3
0002 020)6457 6077 5641 5545 1515 2600 0000 0000 4/0?.!-%MMV@@@@@
0002 030)0000 0000 0000 0000 0000 0000 0000 0000 @@@@@@@@@@@@@@@@
0002 040)1773 3772 2372 2373 5356 1371 3350 1371 O;_:S:S;+.K9[(K9
0002 050)3351 5770 7573 7576 7573 7774 6603 6622 [)/8=;=>=;?<6C6R
0002 060)5374 7610 1774 3773 2373 2374 5356 3354 +<>HO<_;S;S<+.[,
0002 070)1372 3355 1371 5770 7575 0220 7577 7575 K:[-K9/8==BP=?==
0002 100)7775 6766 6771 5376 1377 3030 1376 3031 ?=7679+>K?XXK>XY
0002 110)5030 0000 0000 0000 0000 0000 0000 0000 (X@@@@@@@@@@@@@@
0002 120)0000 0000 0000 0000 5031 6733 1772 3771 @@@@@@@@(Y7[O:_9
0002 130)2371 2372 5356 5350 0000 0000 0000 0000 S9S:+.+(@@@@@@@@
0002 140)0000 7750 7773 7600 6603 6622 5352 5752 @@?(?;>@6C6R+*/*
0002 150)6774 1377 3354 1376 3355 1375 6766 6771 7<K?[,K>[-K=7679
0002 160)5365 1374 6766 6771 5371 5200 0220 0600 +5K<7679+9*@BPF@
0002 170)7577 7700 0000 2314 6314 0177 6221 7775 =??@@@SL3LA?2Q?=

0003 000)6032 6211 1777 0376 1375 7510 5216 7450 0Z2IO?C>K==H*N<(
0003 010)5231 1374 7510 5223 7650 5230 7200 6221 *YK<=H*S>(*X:@2Q
0003 020)4773 4000 5772 7200 5227 7001 7001 7001 '; @/::@*W8A8A8A
0003 030)7001 7001 1371 3256 6221 1656 3256 6221 8A8AK9Z.2QN.Z.2Q
0003 040)1656 2256 6201 3657 2257 5237 6221 4773 N.R.2A^/R/*_2Q';
0003 050)4032 4773 4044 4773 4047 5772 0000 7756  Z'; $'; '/:@@?.
0003 060)0104 0150 0126 0040 0062 6221 1370 6766 ADA(AV@ @22QK876
0003 070)6771 5270 1367 3252 5225 6211 1366 3252 79*8K7Z**U2IK6Z*
0003 100)5226 7775 0005 2300 0000 0307 6221 7775 *V?=@ES@@@CG2Q?=
0003 110)7777 3146 3146 0315 6221 7775 0006 2140 ??Y&Y&CM2Q?=@FQ 
0003 120)0000 0323 6221 7775 7776 3146 3146 0331 @@CS2Q?=?>Y&Y&CY
0003 130)6221 7775 0007 3100 0000 0337 6221 7775 2Q?=@GY@@@C_2Q?=
0003 140)7775 3146 3146 0000 0000 0000 0000 0222 ?=Y&Y&@@@@@@@@BR
0003 150)2120 4000 3315 0000 0000 0000 0000 0000 QP @[M@@@@@@@@@@
0003 160)0000 0000 0000 0000 0000 0000 4074 4077 @@@@@@@@@@@@ < ?
0003 170)0600 0257 0400 1027 7670 7730 0770 7760 F@B/D@HW>8?XG8?0

0004 000)6211 1741 6201 3742 2341 2342 2343 5200 2IO!2A_"S!S"S#*@
0004 010)6201 1777 3776 6211 1737 7001 7110 3737 2AO?_>2IO_8A9H__
0004 020)2337 2340 5214 6221 6032 1375 3335 1374 S_S *L2Q0ZK=[]K<
0004 030)3336 1373 3735 2335 2336 5231 4772 4114 [^K;_]S]S^*Y':!L
0004 040)4772 4131 4771 1370 7540 5767 1366 7550 ':!Y'9K8= /7K6=(
0004 050)5767 7041 3031 5765 6221 1364 3000 7344 /78!XY/52QK4X@;$
0004 060)1036 7700 5267 4772 4165 6203 5763 1031 H^?@*7':!52C/3HY
0004 070)7001 7650 5307 4772 4147 4771 1362 7450 8A>(+G':!''9K2<(
0004 100)5310 1361 7650 5307 4772 4102 5273 7340 +HK1>(+G':!B*;; 
0004 110)3033 1033 7650 5760 1375 3335 1031 3336 X[H[>(/0K=[]HY[^
0004 120)1357 3334 2336 5325 5756 1334 3735 2335 K/[\S^+U/.K\_]S]
0004 130)1334 1355 3334 5322 0400 0000 0000 3751 K\K-[\+RD@@@@@_)
0004 140)7703 5000 7600 7622 0000 0000 0000 0000 ?C(@>@>R@@@@@@@@
0004 150)0000 0000 0000 0000 0000 0020 0600 0410 @@@@@@@@@@@PF@DH
0004 160)1200 0013 7447 7600 7745 0667 0005 1003 J@@K<'>@?%F7@EHC
0004 170)7513 1011 1027 0120 7774 3364 5450 2707 =KHIHWAP?<[4,(WG

0005 000)1031 7001 7650 5777 4776 4233 4775 1374 HY8A>(/?'>"['=K<
0005 010)7450 5777 1373 7650 5220 4776 4102 5204 <(/?K;>(*P'>!B*D
0005 020)1031 3232 1372 3231 1371 3770 2232 5233 HYZZK:ZYK9_8RZ*[
0005 030)5777 0000 0000 4776 4216 4775 1367 7540 /?@@@@'>"N'=K7= 
0005 040)5766 1365 7510 5766 7106 7006 7006 3631 /6K5=H/69F8F8F^Y
0005 050)4775 1367 7540 5766 1365 7510 5766 7001 '=K7= /6K5=H/68A
0005 060)7106 7004 1631 3631 2231 2770 5226 7301 9F8DNY^YRYW8*V;A
0005 070)3036 1364 3301 1304 6201 3763 6211 1304 X^K4[AKD2A_32IKD
0005 100)3763 0000 1366 3763 7000 1763 7410 7402 _3@@K6_38@O3<H<B
0005 110)6211 1763 7640 5762 1366 6201 1763 7640 2IO3> /2K62AO3> 
0005 120)5762 2036 1301 1361 3301 5301 0000 0000 /2P^KAK1[A+A@@@@
0005 130)0000 0000 0000 0000 0000 0000 0000 0000 @@@@@@@@@@@@@@@@
0005 140)0000 0000 0000 0000 0000 0000 0000 0000 @@@@@@@@@@@@@@@@
0005 150)0000 0000 0000 0000 0000 0000 0000 0000 @@@@@@@@@@@@@@@@
0005 160)0000 0010 0454 0000 6221 0007 1000 7511 @@@HD,@@2Q@GH@=I
0005 170)4223 4361 3364 0013 7447 1011 1027 1200 "S#1[4@K<'HIHWJ@

0006 000)4227 4102 5777 4227 4102 5776 4227 4102 "W!B/?"W!B/>"W!B
0006 010)5775 0000 6031 5212 6036 1374 7450 5773 /=@@0Y*J0^K<<(/;
0006 020)1372 6046 6041 5222 0371 1370 5611 0000 K:0&0!*RC9K8.I@@
0006 030)7200 1627 3275 2227 1675 7112 7012 7012 :@NWZ=RWN=9J8J8J
0006 040)4245 1675 4245 2275 5234 0000 0367 7450 "%N="%R=*\@@C7<(
0006 050)5627 1366 7450 5271 7510 1365 1364 4261 .WK6<(*9=HK5K4"1
0006 060)5645 0000 6046 7200 6041 5264 6031 5661 .%@@0&:@0!*40Y.1
0006 070)5627 1363 4261 1362 5257 0000 0000 0000 .WK3"1K2*/@@@@@@
0006 100)0000 0000 0000 0000 0000 0000 0000 0000 @@@@@@@@@@@@@@@@
0006 110)0000 0000 0000 0000 0000 0000 0000 0000 @@@@@@@@@@@@@@@@
0006 120)0000 0000 0000 0000 0000 0000 0000 0000 @@@@@@@@@@@@@@@@
0006 130)0000 0000 0000 0000 0000 0000 0000 0000 @@@@@@@@@@@@@@@@
0006 140)0000 0000 0000 0000 0000 0000 0000 0000 @@@@@@@@@@@@@@@@
0006 150)0000 0000 0000 0000 0000 0000 0000 0000 @@@@@@@@@@@@@@@@
0006 160)0000 0000 0212 0215 0237 0100 7741 0077 @@@@BJBMB_A@?!@?
0006 170)0200 0177 0203 0423 7575 0453 0440 0633 B@A?BCDS==D+D F[

0007 000)7301 1031 7700 5777 4776 4405 4775 1374 ;AHY?@/?'>$E'=K<
0007 010)7450 5773 1372 7650 5777 4776 4102 5200 <(/;K:>(/?'>!B*@
0007 020)0000 0000 0000 0000 0000 0000 0000 0000 @@@@@@@@@@@@@@@@
0007 030)0000 0000 0000 0000 0000 0000 0000 0000 @@@@@@@@@@@@@@@@
0007 040)0000 0000 0000 0000 0000 0000 0000 0000 @@@@@@@@@@@@@@@@
0007 050)0000 0000 0000 0000 0000 0000 0000 0000 @@@@@@@@@@@@@@@@
0007 060)0000 0000 0000 0000 0000 0000 0000 0000 @@@@@@@@@@@@@@@@
0007 070)0000 0000 0000 0000 0000 0000 0000 0000 @@@@@@@@@@@@@@@@
0007 100)0000 0000 0000 0000 0000 0000 0000 0000 @@@@@@@@@@@@@@@@
0007 110)0000 0000 0000 0000 0000 0000 0000 0000 @@@@@@@@@@@@@@@@
0007 120)0000 0000 0000 0000 0000 0000 0000 0000 @@@@@@@@@@@@@@@@
0007 130)0000 0000 0000 0000 0000 0000 0000 0000 @@@@@@@@@@@@@@@@
0007 140)0000 0000 0000 0000 0000 0000 0000 0000 @@@@@@@@@@@@@@@@
0007 150)0000 0000 0000 0000 0000 0000 0000 0000 @@@@@@@@@@@@@@@@
0007 160)0000 0000 0000 0000 0000 0000 0000 0000 @@@@@@@@@@@@@@@@
0007 170)0000 0000 7765 1403 7462 1011 1027 3000 @@@@?5LC<2HIHWX@

0010 000)6221 4777 4355 6221 1031 3034 1376 3025 2Q'?#-2QHYX\K>XU
0010 010)1036 7001 3032 7340 1032 7550 5200 3032 H^8AXZ; HZ=(*@XZ
0010 020)4777 4260 1375 1032 6046 7200 6041 5226 '?"0K=HZ0&:@0!*V
0010 030)1374 3035 4777 4264 1035 4773 4777 4272 K<X]'?"4H]';'?":
0010 040)4772 1371 7540 5337 1370 7550 5337 3425 ':K9= +_K8=(+_\U
0010 050)1031 1425 7740 5337 2025 1032 3425 2025 HYLU? +_PUHZ\UPU
0010 060)4777 4326 3027 4772 1367 7450 5306 1366 '?#VXW':K7<(+FK6
0010 070)7540 5334 1365 7510 5334 3030 1027 7104 = +\K5=H+\XXHW9D
0010 100)7006 1027 1027 1030 3027 5263 1027 7570 8FHWHWHXXW*3HW=8
0010 110)5334 7041 1035 7510 5200 3035 1027 2034 +\8!H]=H*@X]HWP\
0010 120)7410 5342 3425 2025 1035 7640 5232 7344 <H+"\UPUH]> *Z;$
0010 130)1032 7750 5200 5213 4777 4102 5260 4777 HZ?(*@*K'?!B*0'?
0010 140)4102 5232 1035 3425 2025 5764 0000 0000 !B*ZH]\UPU/4@@@@
0010 150)0000 0000 0000 0000 0000 0000 0000 0000 @@@@@@@@@@@@@@@@
0010 160)0000 0000 0000 0000 1600 0011 7724 7563 @@@@@@@@N@@I?T=3
0010 170)0010 7510 1011 2304 0020 0060 2600 1027 @H=HHISD@P@0V@HW

0011 000)7303 1377 7640 5222 1033 7650 5224 6201 ;CK?> *RH[>(*T2A
0011 010)1376 3621 2221 1375 3621 6221 5224 5350 K>^QRQK=^Q2Q*T+(
0011 020)0000 0205 6211 3774 6221 1373 3025 7325 @@BE2I_<2QK;XU;U
0011 030)1373 3026 1031 3034 3035 1025 7001 3027 K;XVHYX\X]HU8AXW
0011 040)1026 7001 3030 2034 7410 5277 1427 7041 HV8AXXP\<H*?LW8!
0011 050)1430 7750 5270 7346 3035 1425 3000 1426 LX?(*8;&X]LUX@LV
0011 060)3425 1000 3426 2025 2026 2035 5255 2035 \UH@\VPUPVP]*-P]
0011 070)7326 1027 3025 7326 1030 3026 5235 1035 ;VHWXU;VHXXV*]H]
0011 100)7640 5224 5772 1747 0013 2411 6220 0200 > *T/:O'@KTI2PB@
0011 110)2016 2417 2007 0417 5104 1735 0017 2415 PNTOPGDO)DO]@OTM
0011 120)6220 0220 7521 4415 4011 6701 7521 4411 2PBP=Q$M I7A=Q$I
0011 130)4015 6703 2003 0015 5101 1712 6220 0420  M7CPC@M)AOJ2PDP
0011 140)7521 4420 4011 6701 2003 0011 5101 1700 =Q$P I7APC@I)AO@
0011 150)6220 0460 7501 7561 2001 7413 7541 6220 2PD0=A=1PA<K=!2P
0011 160)0500 2003 2421 6220 0520 5100 5072 6220 E@PCTQ2PEP)@(:2P
0011 170)0540 2024 2000 2600 4624 5350 5606 7700 E PTP@V@&T+(.F?@

0012 000)1377 3027 1376 3025 1031 3034 1775 3032 K?XWK>XUHYX\O=XZ
0012 010)3275 1374 3274 1425 2025 3427 2027 1425 Z=K<Z<LUPU\WPWLU
0012 020)7041 1032 7640 5276 2025 1032 7104 7006 8!HZ> *>PUHZ9D8F
0012 030)1373 3427 2027 1425 2025 7041 3035 1372 K;\WPWLUPU8!X]K:
0012 040)2035 5237 3035 7344 1275 3427 2027 1035 P]*_X];$J=\WPWH]
0012 050)7041 1275 3275 7307 1275 7710 5266 1275 8!J=Z=;GJ=?H*6J=
0012 060)7510 5310 7041 1274 7700 5310 1275 3427 =H+H8!J<?@+HJ=\W
0012 070)2027 2034 5213 5771 0000 0000 1025 3032 PWP\*K/9@@@@HUXZ
0012 100)7340 1025 3025 7340 1027 3027 1432 5207 ; HUXU; HWXWLZ*G
0012 110)7200 1274 5267 1120 7501 7561 2002 7413 :@J<*7IP=A=1PB<K
0012 120)7440 7541 6220 1140 2037 2415 2007 2453 < =!2PI P_TMPGT+
0012 130)6220 1160 2016 3022 5106 2147 6220 1200 2PI0PNXR)FQ'2PJ@
0012 140)7501 7561 2003 7413 7440 7541 5101 2157 =A=1PC<K< =!)AQ/
0012 150)6220 1400 7501 7561 2004 7413 7440 7541 2PL@=A=1PD<K< =!
0012 160)6220 1420 5100 4674 6220 1440 5100 4376 2PLP)@&<2PL )@#>
0012 170)6220 2200 0400 6201 0025 2601 2600 3600 2PR@D@2A@UVAV@^@

0013 000)1377 3025 3035 1031 3034 7307 1377 3027 K?XUX]HYX\;GK?XW
0013 010)2034 7410 5246 1425 7041 1427 7450 5776 P\<H*&LU8!LW<(/>
0013 020)7710 5240 1375 3035 1425 3026 1427 3425 ?H* K=X]LUXVLW\U
0013 030)1026 3427 2025 2027 2035 5224 2035 1375 HV\WPUPWP]*TP]K=
0013 040)1027 3025 7307 1025 3027 5210 1035 7640 HWXU;GHUXW*HH]> 
0013 050)5200 1377 3025 1031 3034 7001 1377 3027 *@K?XUHYX\8AK?XW
0013 060)7346 3035 1427 3425 2025 2027 2035 5262 ;&X]LW\UPUPWP]*2
0013 070)2027 2034 5260 4774 4431 4773 1372 7640 PWP\*0'<$Y';K:> 
0013 100)5771 4774 4343 5770 0000 3340 1367 3336 /9'<##/8@@[ K7[^
0013 110)3337 5314 2337 3340 1340 1336 7500 5312 [_+LS_[ K K^=@+J
0013 120)7200 1366 1337 6046 6041 5324 6032 2336 :@K6K_0&0!+T0ZS^
0013 130)7410 5704 7340 3336 3337 5314 0000 0000 <H/D; [^[_+L@@@@
0013 140)0000 2065 3024 2440 2016 2400 2040 7476 @@P5XTT PNT@P <>
0013 150)0420 5104 2274 6220 2420 2021 7616 1066 DP)DR<2PTPPQ>NH6
0013 160)0014 1053 3032 7516 2432 2003 0060 7766 @LH+XZ=NTZPC@0?6
0013 170)2400 0423 7447 1011 1027 7774 1400 3600 T@DS<'HIHW?<L@^@

0014 000)6221 1036 3777 6201 1776 1031 3776 1776 2QH^_?2AO>HY_>O>
0014 010)7041 3775 1031 3774 6211 1373 3035 1372 8!_=HY_<2IK;X]K:
0014 020)3025 7340 1031 3306 1031 3034 6221 1435 XU; HY[FHYX\2QL]
0014 030)2035 6201 2306 5237 7240 3306 1371 1370 P]2ASF*_: [FK9K8
0014 040)3425 2025 2034 5226 6201 1031 3035 2035 \UPUP\*V2AHYX]P]
0014 050)7410 5254 7130 5247 7001 3767 6221 1036 <H*,9X*'8A_72QH^
0014 060)7106 7004 1366 3276 1276 1365 7650 5307 9F8DK6Z>J>K5>(+G
0014 070)3034 3025 6221 1434 2034 7000 6231 3425 X\XU2QL\P\8@2Y\U
0014 100)2025 5272 7340 1036 3036 5257 0000 1033 PU*:; H^X^*/@@H[
0014 110)7650 5326 6201 3764 3763 3762 3761 3760 >(+V2A_4_3_2_1_0
0014 120)3757 3756 3755 6211 3754 5753 6211 1352 _/_._-2I_,/+2IK*
0014 130)3751 3750 1347 3746 5753 2012 7413 7440 _)_(K'_&/+PJ<K< 
0014 140)7541 2016 2451 6220 3200 5100 4625 6126 =!PNT)2PZ@)@&U1V
0014 150)4627 4626 6046 3400 4624 5266 5265 5264 &W&V0&\@&T*6*5*4
0014 160)5245 5237 3423 3432 3431 1557 6201 5326 *%*_\S\Z\YM/2A+V
0014 170)6006 1172 5330 3363 5325 0117 0227 7424 0FI:+X[3+UAOBW<T

0015 000)0000 6220 3500 2003 2411 5100 4420 5101 @@2P]@PCTI)@$P)A
0015 010)2471 6220 3540 2021 7616 2440 2020 3064 T92P] PQ>NT PPX4
0015 020)7556 3016 1072 3040 5105 2670 6220 3560 =.XNH:X )EV82P]0
0015 030)2007 7616 2440 2074 3464 7516 1414 0073 PG>NT P<\4=NLL@;
0015 040)3040 5105 3006 6220 3600 2075 2451 5100 X )EXF2P^@P=T))@
0015 050)2766 6220 3620 7501 7561 2014 7413 7440 W62P^P=A=1PL<K< 
0015 060)7541 6220 4000 2007 2453 2007 2471 5101 =!2P @PGT+PGT9)A
0015 070)4526 6220 4040 7501 7561 2015 7413 7541 %V2P  =A=1PM<K=!
0015 100)6220 4060 2003 2411 5100 4420 6220 4100 2P 0PCTI)@$P2P!@
0015 110)2076 3015 5105 2722 6220 4120 2071 7556 P>XM)EWR2P!PP9=.
0015 120)0003 1037 2471 6220 4140 2015 3077 0471 @CH_T92P! PMX?D9
0015 130)2415 2022 3020 2422 2100 2451 6220 4160 TMPRXPTRQ@T)2P!0
0015 140)5100 2766 6220 4200 2003 3015 5105 2111 )@W62P"@PCXM)EQI
0015 150)6220 4220 2054 3015 5104 3114 6220 4400 2P"PP,XM)DYL2P$@
0015 160)7501 7561 2016 7413 7541 5101 3663 6220 =A=1PN<K=!)A^32P
0015 170)4440 2016 3451 2440 2007 7616 0003 1040 $ PN\)T PG>N@CH 

0016 000)7340 1036 7106 7004 1031 1377 3035 1435 ; H^9F8DHYK?X]L]
0016 010)3035 1376 3025 1031 3034 1435 7106 7006 X]K>XUHYX\L]9F8F
0016 020)0375 3425 2025 1435 7112 7012 7012 0375 C=\UPUL]9J8J8JC=
0016 030)3425 2025 1435 0374 3425 2035 2025 2034 \UPUL]C<\UP]PUP\
0016 040)5215 5773 2020 7413 7541 5101 2462 6220 *M/;PP<K=!)AT22P
0016 050)4620 2071 1016 0052 7403 2471 2014 2463 &PP9HN@*<CT9PLT3
0016 060)2003 2411 6221 0000 7501 7561 2021 7413 PCTI2Q@@=A=1PQ<K
0016 070)7541 5101 2462 6221 0040 2071 0015 2415 =!)AT22Q@ P9@MTM
0016 100)7501 7561 2022 7413 7541 5100 4703 6221 =A=1PR<K=!)@'C2Q
0016 110)0060 2054 3015 5107 3122 6221 0100 5100 @0P,XM)GYR2QA@)@
0016 120)3354 5101 2011 6221 0140 2015 3103 5104 [,)API2QA PMYC)D
0016 130)4526 6221 0160 2015 3103 5105 3164 6221 %V2QA0PMYC)EY42Q
0016 140)0200 2007 7616 0502 5104 3164 6221 0220 B@PG>NEB)DY42QBP
0016 150)7501 7561 2023 7413 7440 7541 6221 0400 =A=1PS<K< =!2QD@
0016 160)2021 7616 0502 5105 4526 6221 0420 5100 PQ>NEB)E%V2QDP)@
0016 170)4376 6221 0440 1600 0037 0007 2600 3303 #>2QD N@@_@GV@[C

0017 000)1210 2210 1220 1206 2205 3205 1204 2204 JHRHJPJFREZEJDRD
0017 010)3204 4204 1204 2203 3203 4203 5203 1220 ZD"DJDRCZC"C*CJP
0017 020)2310 3310 1220 2320 1210 2210 3310 4310 SH[HJPSPJHRH[H#H
0017 030)1205 2206 3205 4310 5310 1220 2320 3410 JERFZE#H+HJPSP\H
0017 040)4410 1220 2320 3420 1220 2310 3310 4410 $HJPSP\PJPSH[H$H
0017 050)5410 1220 2320 3420 4510 5510 1220 2320 ,HJPSP\P%H-HJPSP
0017 060)3420 4520 1220 2320 3410 4410 5510 6510 \P%PJPSP\H$H-H5H
0017 070)1220 2320 3420 4520 5620 7720 1220 2320 JPSP\P%P.P?PJPSP
0017 100)3420 5620 4520 0000 0000 0000 3212 3206 \P.P%P@@@@@@ZJZF
0017 110)3203 3200 3202 0000 0000 0000 3230 3224 ZCZ@ZB@@@@@@ZXZT
0017 120)3217 3222 3202 0000 0000 0000 3244 3235 ZOZRZB@@@@@@Z$Z]
0017 130)3241 3222 3202 0000 0000 0000 3251 3256 Z!ZRZB@@@@@@Z)Z.
0017 140)3241 3222 3202 0000 0000 0000 3270 3256 Z!ZRZB@@@@@@Z8Z.
0017 150)3241 3222 3202 0000 0000 0000 3270 3256 Z!ZRZB@@@@@@Z8Z.
0017 160)3241 3222 3202 0040 0120 0120 0120 0120 Z!ZRZB@ APAPAPAP
0017 170)2506 2075 4022 6442 4022 6702 6221 1420 UFP= R4" R7B2QLP

0020 000)6221 1730 4342 1377 4333 1376 4342 1375 2QOX#"K?#[K>#"K=
0020 010)4333 7340 4342 4342 1731 1374 4342 1726 #[; #"#"OYK<#"OV
0020 020)4342 1373 4333 1372 1727 4342 1372 1727 #"K;#[K:OW#"K:OW
0020 030)4342 1372 1727 4342 1371 1727 4342 1371 #"K:OW#"K9OW#"K9
0020 040)1727 4342 7346 4333 1370 1727 4342 1370 OW#";&#[K8OW#"K8
0020 050)1727 4342 1730 4342 1367 1727 4342 1366 OW#"OX#"K7OW#"K6
0020 060)1727 4342 4342 4342 1365 4342 1364 4342 OW#"#"#"K5#"K4#"
0020 070)4342 1363 4342 1362 4342 1361 4342 1360 #"K3#"K2#"K1#"K0
0020 100)4342 1332 4342 1332 1357 3332 1356 4333 #"KZ#"KZK/[ZK.#[
0020 110)2326 2326 2326 2327 2327 2327 2330 2330 SVSVSVSWSWSWSXSX
0020 120)2330 2331 2031 5200 5755 4746 3600 3602 SXSYPY*@/-'&^@^B
0020 130)3601 3363 5400 0000 3341 4342 2341 5335 ^A[3,@@@[!#"S!+]
0020 140)5733 0000 0000 6211 3725 6221 2325 5742 /[@@@@2I_U2QSU/"
0020 150)6221 2060 2007 2453 2014 7400 7765 0400 2QP0PGT+PL<@?5D@
0020 160)6007 6000 7407 3714 1605 1617 0100 0162 0G0@<G_LNENOA@A2
0020 170)0164 0000 0040 7773 5776 7770 0467 7774 A4@@@ ?;/>?8D7?<

0021 000)0000 7440 7541 2022 3020 2440 2022 3020 @@< =!PRXPT PRXP
0021 010)2441 2016 4041 6442 4040 6702 2104 2434 T!PN !4"  7BQDT\
0021 020)2022 3020 2422 6221 2160 5100 3471 5100 PRXPTR2QQ0)@\9)@
0021 030)5017 7501 7561 2040 7413 7440 7541 5101 (O=A=1P <K< =!)A
0021 040)2021 6221 2200 5100 5017 6221 2220 7404 PQ2QR@)@(O2QRP<D
0021 050)6221 2400 2015 3077 2415 6221 2420 7501 2QT@PMX?TM2QTP=A
0021 060)7561 2041 7413 7541 6221 2440 5100 4703 =1P!<K=!2QT )@'C
0021 070)6221 2460 2021 7616 1047 0460 5104 4001 2QT0PQ>NH'D0)D A
0021 100)6221 2500 2021 7616 0456 5105 4010 6221 2QU@PQ>ND.)E H2Q
0021 110)2520 2007 7616 1077 7516 0014 2471 6221 UPPG>NH?=N@LT92Q
0021 120)2540 2007 7616 0513 5105 3750 6221 2560 U PG>NEK)E_(2QU0
0021 130)2021 7616 2440 2016 2400 2040 7476 3003 PQ>NT PNT@P <>XC
0021 140)1114 7516 2471 6221 2600 2007 3071 5106 IL=NT92QV@PGX9)F
0021 150)4001 6221 2620 2071 0015 2415 7501 7561  A2QVPP9@MTM=A=1
0021 160)2042 7413 7541 2003 2453 2054 3015 5104 P"<K=!PCT+P,XM)D
0021 170)3114 6221 3000 7501 7561 2043 7413 7541 YL2QX@=A=1P#<K=!

0022 000)3711 1414 0507 0114 4017 2357 7040 0405 _ILLEGAL OS/8 DE
0022 010)2611 0305 4006 1725 1604 3716 1740 0217 VICE FOUND_NO BO
0022 020)1724 2324 2201 2040 2017 2323 1102 1405 OTSTRAP POSSIBLE
0022 030)4137 3700 3724 1740 0217 1724 2324 2201 !__@_TO BOOTSTRA
0022 040)2040 0201 0313 4000 1723 5770 4000 1517 P BACK @OS/8 @MO
0022 050)1611 2417 2272 3740 1417 0104 4001 0404 NITOR:_ LOAD ADD
0022 060)2205 2323 4060 6766 6060 3740 0116 0440 RESS 07600_ AND 
0022 070)2324 0122 2437 3700 0411 2313 4000 2401 START__@DISK @TA
0022 100)2005 4000 3711 1626 0114 1104 4022 0523 PE @_INVALID RES
0022 110)2017 1623 0537 0000 3737 0504 2523 3123 PONSE_@@__EDUSYS
0022 120)2405 1540 6265 5506 4002 0123 1103 3737 TEM 25-F BASIC__
0022 130)0000 3716 2515 0205 2240 1706 4025 2305 @@_NUMBER OF USE
0022 140)2223 4050 6140 2417 4065 5177 0000 3720 RS (1 TO 5)?@@_P
0022 150)0420 5570 5714 4003 1715 2025 2405 2240 DP-8/L COMPUTER 
0022 160)5031 4017 2240 1651 7700 3737 1617 2440 (Y OR N)?@__NOT 
0022 170)0516 1725 0710 4003 1722 0540 0617 2240 ENOUGH CORE FOR 

0023 000)0504 2523 3123 2405 1540 6265 5555 6162 EDUSYSTEM 25--12
0023 010)1340 2205 2125 1122 0504 0000 3724 0514 K REQUIRED@@_TEL
0023 020)0524 3120 0540 4361 4004 0526 1103 0540 ETYPE #1 DEVICE 
0023 030)0317 0405 7700 3723 2401 1604 0122 0440 CODE?@_STANDARD 
0023 040)2205 1517 2405 4024 0514 0524 3120 0540 REMOTE TELETYPE 
0023 050)0317 0405 2340 5031 4017 2240 1651 7700 CODES (Y OR N)?@
0023 060)3706 1105 1404 4000 3724 1005 2205 4001 _FIELD @_THERE A
0023 070)2205 4000 4002 1417 0313 2340 1405 0624 RE @ BLOCKS LEFT
0023 100)4011 1640 2410 1123 4006 1105 1404 5637  IN THIS FIELD._
0023 110)4031 1725 2240 0114 1417 0301 2411 1716  YOUR ALLOCATION
0023 120)4006 1722 4025 2305 2240 4300 4027 1114  FOR USER #@ WIL
0023 130)1440 0205 4010 1727 4015 0116 3140 0214 L BE HOW MANY BL
0023 140)1703 1323 7700 3737 0516 0440 1706 4004 OCKS?@__END OF D
0023 150)1101 1417 0725 0537 0000 3702 1417 0313 IALOGUE_@@_BLOCK
0023 160)4023 1132 0523 4004 1716 4724 4027 1722  SIZES DON'T WOR
0023 170)1355 5510 0126 0540 2417 4023 2401 2224 K--HAVE TO START

0024 000)4001 0701 1116 3737 0000 3723 0115 0540  AGAIN__@@_SAME 
0024 010)0115 1725 1624 4017 0640 2324 1722 0107 AMOUNT OF STORAG
0024 020)0540 0617 2240 0114 1440 2523 0522 2377 E FOR ALL USERS?
0024 030)0000 3711 2340 2410 0540 0102 1726 0540 @@_IS THE ABOVE 
0024 040)0317 2222 0503 2440 5031 4017 2240 1651 CORRECT (Y OR N)
0024 050)7700 2003 3063 2517 6221 4560 2024 7576 ?@PCX3UO2Q%0PT=>
0024 060)2440 2024 7436 3440 2441 4517 4011 6643 T PT<^\ T!%O I6#
0024 070)4517 4016 6403 1041 1474 4517 4011 6443 %O N4CH!L<%O I4#
0024 100)2471 6221 4600 2007 7616 0120 7516 1011 T92Q&@PG>NAP=NHI
0024 110)1077 2440 2007 7616 1040 0071 2471 6221 H?T PG>NH @9T92Q
0024 120)4620 2071 7516 2471 6222 0000 7404 6222 &PP9=NT92R@@<D2R
0024 130)0020 2003 0055 2455 6222 0040 2014 3055 @PPC@-T-2R@ PLX-
0024 140)5106 4645 6222 0060 2003 3055 5103 4556 )F&%2R@0PCX-)C%.
0024 150)6222 0100 7501 7561 2056 7413 7541 6222 2RA@=A=1P.<K=!2R
0024 160)0120 2016 3055 5103 4573 6222 0140 7501 APPNX-)C%;2RA =A
0024 170)7561 2057 7413 7541 6222 0160 2020 3055 =1P/<K=!2RA0PPX-

0025 000)5674 0267 5260 0260 6324 2710 5716 1240 .<B7*0B03TWH/NJ 
0025 010)6670 6265 6315 6675 4253 6665 5612 1240 68253M6="+65.JJ 
0025 020)5270 0265 5311 0306 6301 3250 5651 3274 *8B5+ICF3AZ(.)Z<
0025 030)5660 0260 6240 4324 5305 0316 5662 0271 .0B02 #T+ECN.2B9
0025 040)5734 6715 5715 0653 4260 6640 5612 1240 /\7M/MF+"06 .JJ 
0025 050)5271 0260 5311 0306 6301 3650 5651 3674 *9B0+ICF3A^(.)^<
0025 060)5660 0260 6240 4324 5305 0316 5662 2671 .0B02 #T+ECN.2V9
0025 070)5734 6715 5715 2653 5215 0212 5662 2671 /\7M/MV+*MBJ.2V9
0025 100)6240 3311 5240 4301 5707 6251 5666 0260 2 [I* #A/G2).6B0
0025 110)6660 2240 6310 7305 5640 0263 6260 6734 60R 3H;E. B3207\
0025 120)5275 5715 5261 0260 5215 0212 5663 0260 *=/M*1B0*MBJ.3B0
0025 130)6240 3311 5240 4301 5710 6251 5667 0260 2 [I* #A/H2).7B0
0025 140)6660 2240 6310 7305 5640 0263 6265 6734 60R 3H;E. B3257\
0025 150)5275 5715 4265 5215 5640 0263 6265 4640 *=/M"5*M. B325& 
0025 160)6306 0640 5250 4710 5674 0266 5260 0260 3FF *('H.<B6*0B0
0025 170)6324 2710 5716 1640 6661 6260 6315 6675 3TWH/NN 61203M6=

0026 000)1377 3225 1224 7106 7004 1376 3207 0000 K?ZUJT9F8DK>ZG@@
0026 010)3625 2225 5210 7340 1224 3224 7340 1224 ^URU*H; JTZT; JT
0026 020)7640 5200 6203 5775 0000 0000 7777 1637 > *@2C/=@@@@??N_
0026 030)3640 2237 2240 2241 5227 6203 5626 1000 ^ R_R R!*W2C.VH@
0026 040)1655 7666 0000 0000 0000 0000 0000 7607 N->6@@@@@@@@@@>G
0026 050)7607 0000 0000 0000 0000 0000 7614 7607 >G@@@@@@@@@@>L>G
0026 060)0000 0000 0000 0000 0000 0000 5762 6202 @@@@@@@@@@@@/22B
0026 070)4207 1000 0000 0007 7746 6203 5677 0400 "GH@@@@G?&2C.?D@
0026 100)2464 3340 6214 1275 3336 6201 1674 7010 T4[ 2LJ=[^2AN<8H
0026 110)6211 7630 5321 6202 4207 5010 0000 0027 2I>X+Q2B"G(H@@@W
0026 120)7402 6202 4207 0610 0000 0013 7402 5020 <B2B"GFH@@@K<B(P
0026 130)6202 4207 1010 0000 0027 7402 6213 5700 2B"GHH@@@W<B2K/@
0026 140)0000 0000 0000 0000 0000 0000 0000 0000 @@@@@@@@@@@@@@@@
0026 150)5723 0000 0000 0000 0000 0000 0000 0000 /S@@@@@@@@@@@@@@
0026 160)4210 4210 2030 4210 4210 0000 1040 4210 "H"HPX"H"H@@H "H
0026 170)4210 2010 1020 0000 0000 0356 6201 0025 "HPHHP@@@@C.2A@U

0027 000)5303 6675 6661 2240 6310 7305 5640 4264 +C6=61R 3H;E. "4
0027 010)6265 4734 6306 7240 5676 4261 5671 0260 25'\3F: .>"1.9B0
0027 020)6240 4324 5305 0316 5664 0260 4240 5215 2 #T+ECN.4B0" *M
0027 030)5640 1663 6260 4640 6306 7240 5676 4261 . N320& 3F: .>"1
0027 040)5660 0260 6240 4324 5305 0316 5663 0264 .0B02 #T+ECN.3B4
0027 050)6334 3311 5640 6713 6660 2240 6310 7305 3\[I. 7K60R 3H;E
0027 060)5640 0264 6260 4734 6306 7240 5676 2261 . B420'\3F: .>R1
0027 070)5660 0260 6240 4324 5305 0316 5663 0270 .0B02 #T+ECN.3B8
0027 100)6334 7707 5324 0317 5664 0260 4240 5215 3\?G+TCO.4B0" *M
0027 110)5640 2263 6260 4640 6306 7240 5255 4301 . R320& 3F: *-#A
0027 120)5706 7251 5661 0262 5260 0260 6324 2710 /F:).1B2*0B03TWH
0027 130)5716 1640 6664 6265 6330 3275 5734 6705 /NN 64253XZ=/\7E
0027 140)5260 0334 6707 2317 5717 4640 4265 5215 *0C\7GSO/O& "5*M
0027 150)5640 2263 6265 4640 6306 7240 5255 4301 . R325& 3F: *-#A
0027 160)5707 7251 5661 0262 5260 0260 6324 2710 /G:).1B2*0B03TWH
0027 170)5716 1640 6665 6260 6330 3675 5734 6705 /NN 65203X^=/\7E

0030 000)0000 6771 5021 3055 5465 0000 0000 0200 @@79(QX-,5@@@@B@
0030 010)0000 0000 0000 0000 0000 0000 0000 0000 @@@@@@@@@@@@@@@@
0030 020)1055 6203 5400 1170 2462 2456 2442 2364 H-2C,@I8T2T.T"S4
0030 030)2447 3200 2600 4424 3402 2745 3051 3000 T'Z@V@$T\BW%X)X@
0030 040)2732 0000 0000 0000 0000 0000 0000 0000 WZ@@@@@@@@@@@@@@
0030 050)0000 0000 0000 0000 0000 0000 0000 0000 @@@@@@@@@@@@@@@@
0030 060)0000 0000 0000 0000 0000 0000 0000 0000 @@@@@@@@@@@@@@@@
0030 070)6201 1577 6211 3005 5576 1312 1521 0735 2AM?2IXE->KJMQG]
0030 100)0104 3020 0070 6625 0036 0100 7740 3161 ADXP@86U@^A@? Y1
0030 110)7773 0002 6777 4164 6600 0020 5477 3245 ?;@B7?!46@@P,?Z%
0030 120)0117 0010 0614 1000 0102 0062 3276 3330 AO@HFLH@AB@2Z>[X
0030 130)6203 3253 7763 0077 0015 2163 0014 4224 2CZ+?3@?@MQ3@L"T
0030 140)4221 4220 3170 0004 0003 0040 0030 7772 "Q"PY8@D@C@ @X?:
0030 150)0434 7720 0752 7725 4555 1346 7673 0011 D\?PG*?U%-K&>;@I
0030 160)1530 7722 7767 0400 0206 0571 7774 0457 MX?R?7D@BFE9?<D/
0030 170)5674 0377 0177 0200 0007 0600 3056 0026 .<C?A?B@@GF@X.@V

0031 000)0000 7600 6214 1021 3210 5210 4575 2200 @@>@2LHQZH*H%=R@
0031 010)6203 1600 7450 5600 6212 7006 7006 0174 2CN@<(.@2J8F8FA<
0031 020)3273 1600 0173 7650 5227 1200 0201 3304 Z;N@A;>(*WJ@BA[D
0031 030)1600 0172 1304 3304 7420 5240 1704 3304 N@A:KD[D<P* OD[D
0031 040)7330 0704 3041 1704 7640 7340 3054 1704 ;XGDX!OD> ; X,OD
0031 050)7012 7010 0171 3043 1704 0174 3052 2304 8J8HA9X#ODA<X*SD
0031 060)1704 3051 2304 1704 3050 7346 1304 3011 ODX)SDODX(;&KDXI
0031 070)1273 1170 3273 7402 0334 0455 0452 0531 J;I8Z;<BC\D-D*EY
0031 100)0662 0305 0311 0325 0000 7344 1304 3200 F2CECICU@@;$KDZ@
0031 110)5210 1600 7006 7006 7730 5361 1600 1316 *HN@8F8F?X+1N@KN
0031 120)3322 4347 7402 2200 5206 4347 3411 1046 [R#'<BR@*F#'\IH&
0031 130)3411 1045 3411 5207 1041 3042 1043 3044 \IH%\I*GH!X"H#X$
0031 140)1052 3047 1051 3046 1050 3045 5207 0000 H*X'H)X&H(X%*G@@
0031 150)1044 7104 7500 7106 7530 4424 1042 1047 H$9D=@9F=X$TH"H'
0031 160)5747 7330 1041 3041 4567 1047 7450 1046 /';XH!X!%7H'<(H&
0031 170)7640 5206 1045 0166 7640 5206 5565 2211 > *FH%A6> *F-5RI

0032 000)0000 1047 7110 3047 1046 7010 3046 1045 @@H'9HX'H&8HX&H%
0032 010)7010 3045 7010 3053 5600 0000 1377 3234 8HX%8HX+.@@@K?Z\
0032 020)7346 3200 6211 1634 7040 7430 7101 3634 ;&Z@2IN\8 <X9A^\
0032 030)2234 2200 5223 5615 0000 7100 1045 1050 R\R@*S.M@@9@H%H(
0032 040)3045 7004 1046 1051 3046 7004 1047 1052 X%8DH&H)X&8DH'H*
0032 050)3047 5634 7330 1041 3041 4257 5564 0000 X'.\;XH!X!"/-4@@
0032 060)2054 5657 1044 7141 1043 7430 5304 3234 P,./H$9!H#<X+DZ\
0032 070)1052 7110 3052 1051 7010 3051 1050 7010 H*9HX*H)8HX)H(8H
0032 100)3050 2234 5270 5314 7040 3234 1043 3044 X(R\*8+L8 Z\H#X$
0032 110)7410 4200 2234 5311 1042 1041 7710 4215 <H"@R\+IH"H!?H"M
0032 120)4234 1047 7700 5657 7346 4215 1041 3042 "\H'?@./;&"MH!X"
0032 130)5657 2054 5371 1042 1041 3042 1044 1043 ./P,+9H"H!X"H$H#
0032 140)1376 3044 1047 3041 1046 3043 1045 3056 K>X$H'X!H&X#H%X.
0032 150)1375 3006 4200 1041 7010 3041 1043 7010 K=XF"@H!8HX!H#8H
0032 160)3043 1056 7010 3056 7430 4234 2006 5352 X#H.8HX.<X"\PF+*
0032 170)5564 3047 4774 5564 0730 7745 7577 0050 -4X''<-4GX?%=?@(

0033 000)0000 3053 1047 1235 7710 5211 4563 2044 @@X+H'J]?H*I%3P$
0033 010)5202 1053 7700 5223 2045 5223 2046 5223 *BH+?@*SP%*SP&*S
0033 020)2047 5201 7340 1044 7510 5235 3044 7346 P'*A; H$=H*]X$;&
0033 030)1047 7740 5600 4247 5222 7770 1047 7450 H'? .@"'*R?8H'<(
0033 040)1046 7450 1045 7640 4424 4330 5600 0000 H&<(H%> $T#X.@@@
0033 050)1045 7104 3045 1046 7004 3046 1047 7004 H%9DX%H&8DX&H'8D
0033 060)3047 5647 2054 4424 1042 1041 3042 1043 X'.'P,$TH"H!X"H#
0033 070)7041 1044 1172 3044 3006 1377 3200 7330 8!H$I:X$XFK?Z@;X
0033 100)0052 1047 7700 4776 4775 1006 7004 3006 @*H'?@'>'=HF8DXF
0033 110)1043 7004 3043 1041 7004 3041 4247 2200 H#8DX#H!8DX!"'R@
0033 120)5277 1041 3047 1043 3046 1006 3045 5564 *?H!X'H#X&HFX%-4
0033 130)0000 1047 7650 5343 1044 1374 7700 5350 @@H'>(+#H$K<?@+(
0033 140)4563 2044 5334 3044 3042 3047 3046 3045 %3P$+\X$X"X'X&X%
0033 150)1045 5730 0000 4247 1045 3050 1046 3051 H%/X@@"'H%X(H&X)
0033 160)1047 3052 4247 4247 4775 5752 1544 1433 H'X*"'"''=/*M$L[
0033 170)6750 0522 1360 2021 7545 0434 0415 7743 7(ERK0PQ=%D\DM?#

0034 000)0000 1162 3302 4303 1005 1161 7640 5217 @@I2[B#CHEI1> *O
0034 010)4425 1302 3010 4324 1302 7041 1010 3010 $UKBXH#TKB8!HHXH
0034 020)1345 3044 4407 6010 7560 0000 1302 1157 K%X$$G0H=0@@KBI/
0034 030)7650 4424 1005 1156 7640 5255 4425 7346 >($THEI.> *-$U;&
0034 040)3302 4303 7326 1302 7710 5231 1042 7104 [B#C;VKB?H*YH"9D
0034 050)1045 7430 7041 1010 3010 4407 0560 0000 H%<X8!HHXH$GE0@@
0034 060)1010 7450 5300 7710 5271 1010 7041 3010 HH<(+@?H*9HH8!XH
0034 070)1326 1154 3274 4407 7402 0000 2010 5273 KVI,Z<$G<B@@PH*;
0034 100)6203 5600 0000 0000 3045 3046 3047 3042 2C.@@@@@X%X&X'X"
0034 110)1005 1153 7450 5321 7112 7640 5322 7330 HEI+<(+Q9J> +R;X
0034 120)3042 4425 4324 5703 0000 4426 7000 5724 X"$U#T/C@@$V8@/T
0034 130)4552 3052 3051 1005 1151 3050 4550 4425 %*X*X)HEI)X(%($U
0034 140)2302 5325 4424 0000 4426 0233 4424 1147 SB+U$T@@$VB[$TI'
0034 150)3302 4303 1046 7640 5346 1045 7550 5346 [B#CH&> +&H%=(+&
0034 160)6201 3546 1546 7001 7710 5346 6203 5743 2A]&M&8A?H+&2C/#
0034 170)0000 6203 4777 5770 4110 4105 4101 4765 @@2C'?/8!H!E!A'5

0035 000)0000 1042 7710 1377 1145 4423 1047 7640 @@H"?HK?I%$SH'> 
0035 010)5214 1376 4423 5300 4775 1374 3006 1373 *LK>$S+@'=K<XFK;
0035 020)3010 5226 1047 0172 3047 4772 1047 7106 XH*VH'A:X'':H'9F
0035 030)7006 7006 0371 1376 3410 2006 5222 1373 8F8FC9K>\HPF*RK;
0035 040)3010 7326 1773 7450 5302 7510 5252 1370 XH;VO;<(+B=H**K8
0035 050)7710 5306 7200 1410 4423 1367 4423 1147 ?H+F:@LH$SK7$SI'
0035 060)3006 1410 4423 2006 5261 1366 4423 1773 XFLH$SPF*1K6$SO;
0035 070)7710 7326 1365 4423 1773 7510 7041 2200 ?H;VK5$SO;=H8!R@
0035 100)6203 5600 1367 4423 1376 4423 1374 3006 2C.@K7$SK>$SK<XF
0035 110)1364 3056 1456 1151 7640 5322 2006 7340 K4X.L.I)> +RPF; 
0035 120)1056 5311 1773 1006 7710 5331 1773 7040 H.+IO;HF?H+YO;8 
0035 130)3006 7344 7040 1773 7440 5340 1367 4423 XF;$8 O;< + K7$S
0035 140)3773 1410 4423 2006 5332 5300 2045 0000 _;LH$SPF+Z+@P%@@
0035 150)0000 2230 2206 2222 2222 2213 2212 2210 @@RXRFRRRRRKRJRH
0035 160)0574 2552 1413 2017 1533 0053 0105 0056 E<U*LKPOM[@+AE@.
0035 170)7770 0017 0752 1524 7771 1400 0060 0015 ?8@OG*MT?9L@@0@M

0036 000)0000 1044 1204 3044 7610 1324 3324 1047 @@H$JDX$>HKT[TH'
0036 010)7006 7630 5220 4777 7340 1044 3044 5207 8F>X*P'?; H$X$*G
0036 020)1044 7540 5236 7200 4563 4563 4563 4563 H$= *^:@%3%3%3%3
0036 030)4776 1044 1322 3044 7340 5205 1375 7510 '>H$KRX$; *EK==H
0036 040)5271 7300 1374 3006 1047 1373 7500 3047 *9;@K<XFH'K;=@X'
0036 050)7200 1045 7004 3045 1046 7004 3046 1047 :@H%8DX%H&8DX&H'
0036 060)7004 3047 2006 5244 1047 0372 3047 7301 8DX'PF*$H'C:X';A
0036 070)5205 3006 7410 4563 2006 5273 1047 1373 *EXF<H%3PF*;H'K;
0036 100)7700 5241 7100 1371 1045 3045 7430 2046 ?@*!9@K9H%X%<XP&
0036 110)7410 2047 1047 1373 7640 5600 1173 3047 <HP'H'K;> .@I;X'
0036 120)3045 2324 0004 5600 0000 0000 0000 0000 X%ST@D.@@@@@@@@@
0036 130)0000 0000 0000 0000 0000 4407 6150 1770 @@@@@@@@@@$G1(O8
0036 140)6100 2770 0000 4767 7110 1042 7004 7430 1@W8@@'79HH"8D<X
0036 150)7041 3200 7100 1047 7450 1046 7640 7120 8!Z@9@H'<(H&> 9P
0036 160)1200 5734 0775 4720 3020 1412 3500 0730 J@/\G='PXPLJ]@GX
0036 170)0766 2166 0377 5400 7740 7773 0752 0647 G6Q6C?,@? ?;G*F'

0037 000)4407 7336 6040 5235 0000 1042 7710 4424 $G;^0 *]@@H"?H$T
0037 010)1044 1377 7100 7510 7020 7010 1173 3044 H$K?9@=H8P8HI;X$
0037 020)1376 3237 4407 7341 0336 4341 1341 0000 K>Z_$G;!C^#!K!@@
0037 030)7340 1044 3044 2237 5222 0000 5427 0000 ; H$X$R_*R@@,W@@
0037 040)4407 7775 0000 4430 5461 4407 7774 0775 $G?=@@$X,1$G?<G=
0037 050)0000 4430 5462 4407 4774 0000 5427 4407 @@$X,2$G'<@@,W$G
0037 060)1363 6000 4407 4344 7336 0000 4430 5456 K30@$G#$;^@@$X,.
0037 070)7330 1042 3042 4407 1336 0000 2044 2044 ;XH"X"$GK^@@P$P$
0037 100)4407 7336 0000 3042 4407 2773 6140 5320 $G;^@@X"$GW;1 +P
0037 110)0336 0000 4430 5007 2044 4407 2336 5301 C^@@$X(GP$$GS^+A
0037 120)0336 3336 7341 3347 1352 3341 1355 3341 C^[^;!['K*[!K-[!
0037 130)1360 3341 1363 3336 0000 5427 0000 0000 K0[!K3[^@@,W@@@@
0037 140)0000 0000 0000 0000 2036 2207 7325 1644 @@@@@@@@P^RG;UN$
0037 150)7553 6722 5714 6223 1423 1755 0632 1276 =+7R/L2SLSO-FZJ>
0037 160)6005 1256 7406 2016 2207 7325 2014 0000 0EJ.<FPNRG;UPL@@
0037 170)0000 0000 2003 1766 1525 1530 7770 7600 @@@@PCO6MUMX?8>@

0040 000)4407 4257 7777 0000 4430 5455 7330 1042 $G"/??@@$X,-;XH"
0040 010)3042 4407 7254 1777 7776 3776 1262 7777 X"$G:,O??>_>J2??
0040 020)0254 0000 4775 7041 7001 3254 4407 0265 B,@@'=8!8AZ,$GB5
0040 030)4777 1270 2776 7777 0776 3776 3273 1777 '?J8W>??G>_>Z;O?
0040 040)7777 0776 4777 1276 0000 1044 1254 3044 ??G>'?J>@@H$J,X$
0040 050)4407 6010 0000 5427 0000 0000 0000 2005 $G0H@@,W@@@@@@PE
0040 060)4271 0300 2075 3552 7022 6124 6477 0715 "9C@P=]*8R1T4?GM
0040 070)2044 7643 0062 1744 3372 3400 2004 0000 P$>#@2O$[:\@PD@@
0040 100)0000 4770 7750 4424 1044 3355 1360 3044 @@'8?($TH$[-K0X$
0040 110)4407 7777 1340 7776 0777 2340 4776 7776 $G??K ?>G?S '>?>
0040 120)3776 3343 1346 3776 3776 1351 3776 2276 _>[#K&_>_>K)_>R>
0040 130)7776 0354 2357 1776 3257 1774 0000 5427 ?>C,S/O>Z/O<@@,W
0040 140)2005 5202 3632 2004 6253 2521 2007 5421 PE*B^ZPD2+UQPG,Q
0040 150)3604 2025 6125 1007 2174 0000 0000 2174 ^DPU1UHGQ<@@@@Q<
0040 160)0200 0000 0000 4771 6203 5762 2230 2220 B@@@@@'92C/2RXRP
0040 170)0347 1534 2222 7774 3571 1534 1741 1736 C'M\RR?<]9M\O!O^

0041 000)0000 1042 3200 3042 4407 7777 7776 2275 @@H"Z@X"$G???>R=
0041 010)6140 5265 2300 6140 5220 0775 4777 7777 1 *5S@1 *PG='???
0041 020)0774 7773 0777 2303 6100 5237 0777 1306 G<?;G?SC1@*_G?KF
0041 030)7777 0272 4777 1306 7777 0311 7773 0777 ??B:'?KF??CI?;G?
0041 040)3777 7772 0314 3772 1317 3772 1322 3772 _??:CL_:KO_:KR_:
0041 050)1325 3772 1775 3777 1773 7777 0776 2775 KU_:O=_?O;??G>W=
0041 060)6140 5265 0771 2777 7777 0777 0000 1200 1 *5G9W???G?@@J@
0041 070)3042 5427 6034 0000 0000 1634 0000 0000 X",W0\@@@@N\@@@@
0041 100)2007 7776 0000 1774 2230 2427 2016 7331 PG?>@@O<RXTWPN;Y
0041 110)7272 2004 1405 2216 1756 0462 4562 5764 ::PDLERNO.D2%2/4
0041 120)4221 3403 1766 3141 6672 5775 2525 2377 "Q\CO6Y!6:/=UUS?
0041 130)0015 0007 0177 0137 0000 0014 0012 1042 @M@GA?A_@@@L@JH"
0041 140)7700 5360 4407 7770 0000 4430 5456 4407 ?@+0$G?8@@$X,.$G
0041 150)6770 6040 5356 0770 2775 5357 0770 0000 780 +.G8W=+/G8@@
0041 160)4767 4407 6010 0000 6203 5766 5704 1534 '7$G0H@@2C/6/DM\
0041 170)1530 1763 2054 1525 1767 1766 1736 1741 MXO3P,MUO7O6O^O!

0042 000)0002 0006 0012 0005 0011 0004 4777 4776 @B@F@J@E@I@D'?'>
0042 010)6201 1775 7106 7006 7006 3774 1774 7010 2AO=9F8F8F_<O<8H
0042 020)1046 0373 3772 7004 1047 1774 3774 1045 H&C;_:8DH'O<_<H%
0042 030)3775 1371 3044 3042 1774 0370 3047 1772 _=K9X$X"O<C8X'O:
0042 040)3046 5427 0000 1242 6203 3767 5766 0000 X&,W@@J"2C_7/6@@
0042 050)1647 6203 3765 1247 7001 5764 0000 6203 N'2C_5J'8A/4@@2C
0042 060)4763 5656 0000 7200 6203 1262 3762 5761 '3..@@:@2CJ2_2/1
0042 070)3626 3627 3636 3636 3625 3603 2534 2502 ^V^W^^^^^U^CU\UB
0042 100)1436 1132 2576 2507 1221 1436 1132 2637 L^IZU>UGJQL^IZV_
0042 110)2515 3436 1336 2320 3000 0375 2522 3427 UM\^K^SPX@C=UR\W
0042 120)3626 2100 0176 2527 1536 2133 2022 0334 ^VQ@A>UWM^Q[PRC\
0042 130)2533 2017 3221 0236 2540 2012 1317 1213 U[POZQB^U PJKOJK
0042 140)0275 2545 3423 2014 3200 2676 3714 1532 B=U%\SPLZ@V>_LMZ
0042 150)2136 2232 0473 3374 3221 3300 4050 3140 Q^RZD;[<ZQ[@ (Y 
0042 160)1722 3523 3522 4161 1564 0112 5653 5652 OR]S]R!1M4AJ.+.*
0042 170)0007 0200 0104 7740 0103 0105 0434 0647 @GB@AD? ACAED\F'

0043 000)0000 3057 4435 1057 7650 5303 3064 1412 @@X/$]H/>(+CX4LJ
0043 010)7650 5310 1144 4436 1412 7041 1061 3061 >(+HI$$^LJ8!H1X1
0043 020)2063 5207 1064 7650 5304 1056 3061 1012 P3*GH4>(+DH.X1HJ
0043 030)3056 1143 4436 1012 1142 7700 5304 2200 X.I#$^HJI"?@+DR@
0043 040)1456 3412 7344 1012 3012 7240 1056 3056 L.\J;$HJXJ: H.X.
0043 050)1056 7161 1064 7670 5240 1064 3012 1015 H.91H4>8* H4XJHM
0043 060)3412 1016 3412 1017 3412 1066 3412 3412 \JHN\JHO\JH6\J\J
0043 070)7240 4436 3412 1012 3064 7240 1541 3541 : $^\JHJX4: M!]!
0043 100)1061 3355 1057 4434 1355 3061 6203 5600 H1[-H/$\K-X12C.@
0043 110)1064 7640 5214 1412 7041 3056 1057 7141 H4> *LLJ8!X.H/9!
0043 120)1056 7620 5330 7344 1012 3064 1061 3056 H.>P+X;$HJX4H1X.
0043 130)1056 5216 0000 1541 3063 1540 3061 1537 H.*N@@M!X3M X1M_
0043 140)7041 3062 1137 3012 5732 0000 7301 4431 8!X2I_XJ/Z@@;A$Y
0043 150)4220 7400 0002 4440 5745 0000 4435 4437 "P<@@B$ /%@@$]$_
0043 160)5033 6203 5755 1222 4073 2631 2777 2774 ([2C/-JR ;VYW?W<
0043 170)3126 2332 2320 3000 3034 4620 3427 1573 YVSZSPX@X\&P\WM;

0044 000)0000 4440 1412 7650 5242 7240 1012 3012 @@$ LJ>(*": HJXJ
0044 010)7346 3251 1136 3014 1414 7041 1412 7640 ;&Z)I^XLLL8!LJ> 
0044 020)5237 2251 5214 1066 7041 1412 7640 5237 *_R)*LH68!LJ> *_
0044 030)4436 1412 7450 5246 3060 2200 5600 1251 $^LJ<(*&X0R@.@J)
0044 040)7041 4436 1412 7041 1061 3061 2063 5202 8!$^LJ8!H1X1P3*B
0044 050)5600 0000 1062 1012 3012 5651 3015 3016 .@@@H2HJXJ.)XMXN
0044 060)3017 3056 7410 4425 6203 4535 5312 1056 XOX.<H$U2C%]+JH.
0044 070)1147 7700 5263 1056 7110 1134 3062 1005 I'?@*3H.9HI\X2HE
0044 100)0133 7430 5306 7106 7006 7006 1462 3462 A[<X+F9F8F8FL2\2
0044 110)2056 5263 1005 1132 7640 5033 1056 7650 P.*3HEIZ> ([H.>(
0044 120)5033 6203 5467 0000 1412 7450 5357 3015 ([2C,7@@LJ<(+/XM
0044 130)1412 3016 1412 3017 1066 7041 1412 7640 LJXNLJXOH68!LJ> 
0044 140)5356 4436 1412 7650 5360 1015 4777 1016 +.$^LJ>(+0HM'?HN
0044 150)4777 1017 4777 1134 4423 5360 4436 2012 '?HO'?I\$S+0$^PJ
0044 160)2063 7410 2323 6203 5723 7677 7652 7667 P3<HSS2C/S>?>*>7
0044 170)7703 7652 7652 7652 7703 7652 0514 3534 ?C>*>*>*?C>*EL]\

0045 000)0000 1131 3332 1130 6214 3245 7240 4247 @@IY[ZIX2LZ%: "'
0045 010)3331 4247 3327 4247 3247 1127 6201 3725 [Y"'[W"'Z'IW2A_U
0045 020)1126 3065 1525 7650 5231 1524 1324 7640 IVX5MU>(*YMTKT> 
0045 030)1123 1122 6766 1121 6774 6203 1520 3056 ISIR76IQ7<2CMPX.
0045 040)1456 1123 3456 1117 5516 7402 5600 0000 L.IS\.IO-N<B.@@@
0045 050)1600 2200 5647 1115 1146 6764 1331 6201 N@R@.'IMI&74KY2A
0045 060)3725 2065 7300 1327 1173 7420 7200 7420 _UP5;@KWI;<P:@<P
0045 070)6764 1345 6201 3726 6764 5020 5333 6772 74K%2A_V74(P+[7:
0045 100)7710 5366 7300 1327 1173 3327 7420 5262 ?H+6;@KWI;[W<P*2
0045 110)1175 6764 6201 1514 3056 1456 1113 3056 I=742AMLX.L.IKX.
0045 120)1456 0112 3456 5020 5315 7755 7754 0000 L.AJ\.(P+M?-?,@@
0045 130)0000 0000 0000 6772 7006 7710 5364 6772 @@@@@@7:8F?H+47:
0045 140)7710 5366 6761 7006 7006 7600 1330 7041 ?H+6718F8F>@KX8!
0045 150)1247 7450 5361 7041 7420 7001 7620 1163 J'<(+18!<P8A>PI3
0045 160)5270 7620 5270 5732 1175 5270 6761 0173 *8>P*8/ZI=*871A;
0045 170)1111 6764 6772 7402 0637 4707 1532 1413 II747:<BF_'GMZLK

0046 000)2015 3200 0000 3056 4437 5232 1537 1012 PMZ@@@X.$_*ZM_HJ
0046 010)1110 3014 7326 1062 7040 4316 3414 1060 IHXL;VH28 #N\LH0
0046 020)3414 1064 7141 1014 7630 5232 7346 1537 \LH49!HL>X*Z;&M_
0046 030)1064 3064 1056 7650 5245 1056 7041 3464 H4X4H.>(*%H.8!\4
0046 040)2064 2064 1056 1464 3464 4440 1412 7650 P4P4H.L4\4$ LJ>(
0046 050)5263 1144 4436 1412 7640 5304 1537 1110 *3I$$^LJ> +DM_IH
0046 060)4316 2541 5245 1412 7450 5302 3056 1012 #NU!*%LJ<(+BX.HJ
0046 070)3057 2063 7410 5311 1412 7640 5251 1412 X/P3<H+ILJ> *)LJ
0046 100)1056 3457 7344 5260 2063 5246 0175 0176 H.\/;$*0P3*&A=A>
0046 110)0033 4431 4220 7400 0002 5602 0000 1012 @[$Y"P<@@B.B@@HJ
0046 120)3013 1412 3413 1012 1107 7640 5321 5716 XKLJ\KHJIG> +Q/N
0046 130)0000 4435 6203 5730 0000 3015 1015 7112 @@$]2C/X@@XMHM9J
0046 140)7012 7012 4346 1015 4346 5734 0000 0133 8J8J#&HM#&/\@@A[
0046 150)7450 5734 1106 7510 1105 1145 4423 5746 <(/\IF=HIEI%$S/&
0046 160)0000 6002 1504 7001 3014 1514 3050 1450 @@0BMD8AXLMLX(L(
0046 170)7041 1014 6202 7650 5503 1014 5760 2427 8!HL2B>(-CHL/0TW

0047 000)0316 1151 0157 0064 0270 0617 0042 1161 CNI)A/@4B8FO@"I1
0047 010)1147 0456 1116 0311 1201 0651 0141 0657 I'D.INCIJAF)A!F/
0047 020)0605 7662 7655 7662 7660 7671 7655 7656 FE>2>->2>0>9>->.
0047 030)7662 7654 7674 7650 7662 7674 7654 7674 >2>,><>(>2><>,><
0047 040)7662 0040 0053 0055 0052 0057 0136 0050 >2@ @+@-@*@/A^@(
0047 050)0133 0051 0135 0074 0076 0075 5462 5461 A[@)A]@<@>@=,2,1
0047 060)5465 5463 5464 2557 5457 5007 5455 5451 ,5,3,4U/,/(G,-,)
0047 070)5456 5460 6200 6317 1301 6447 3177 3314 ,.,02@3OKA4'Y?[L
0047 100)5542 3200 5542 5542 3311 5545 7523 5545 -"Z@-"-"[I-%=S-%
0047 110)5545 3301 5542 3276 2734 2766 2426 2323 -%[A-"Z>W\W6TVSS
0047 120)1545 7401 1545 7414 7042 6562 6050 4235 M%<AM%<L8"520("]
0047 130)4277 0467 7152 1074 5701 4200 1400 5704 "?D79*H</A"@L@/D
0047 140)5704 1256 1176 1110 5505 5704 1401 2374 /DJ.I>IH-E/DLAS<
0047 150)1544 1563 2202 4227 5102 0616 2103 1607 M$M3RB"W)BFNQCNG
0047 160)0663 0355 0644 3625 0711 3440 4475 2757 F3C-F$^UGI\ $=W/
0047 170)2660 1031 1142 3051 3074 3132 5116 4401 V0HYI"X)X<YZ)N$A

0050 000)4456 4546 4672 4700 5676 1260 7153 4202 $.%&&:'@.>J09+"B
0050 010)4307 7066 5703 7160 3226 3314 7224 1146 #G86/C90ZV[L:TI&
0050 020)2551 1207 1236 1410 1430 1532 1457 1524 U)JGJ^LHLXMZL/MT
0050 030)2400 2407 1033 1071 1103 1562 0033 6056 T@TGH[H9ICM2@[0.
0050 040)6206 5343 1145 1166 7050 7104 1073 4052 2F+#I%I68(9DH; *
0050 050)3332 3100 1133 4056 3326 2200 1133 4062 [ZY@I[ .[VR@I[ 2
0050 060)1532 2200 0436 4067 2326 2117 1213 1174 MZR@D^ 7SVQOJKI<
0050 070)2763 3020 1320 1275 4100 2621 1712 1300 W3XPKPJ=!@VQOJK@
0050 100)1335 4105 1715 2621 1300 1374 4111 3336 K]!EOMVQK@K<!I[^
0050 110)1336 1433 4115 2332 1300 1474 4121 2132 K^L[!MSZK@L<!QQZ
0050 120)0713 1573 4125 1336 3500 1634 4131 1413 GKM;!UK^]@N\!YLK
0050 130)3217 1674 4135 1327 3221 1722 4140 1320 ZON<!]KWZQOR! KP
0050 140)1762 4143 3121 2034 4147 2326 1413 2133 O2!#YQP\!'SVLKQ[
0050 150)4153 3506 3200 2433 4157 2132 1000 2137 !+]FZ@T[!/QZH@Q_
0050 160)4165 1434 1536 1334 2700 2176 4172 3332 !5L\M^K\W@Q>!:[Z
0050 170)2332 1332 2234 4176 3233 2613 2273 4202 SZKZR\!>Z[VKR;"B

0051 000)2432 0600 2334 4206 1336 1732 2373 4212 TZF@S\"FK^OZS;"J
0051 010)1512 2100 1111 4215 7000 2051 2476 0000 MJQ@II"M8@P)T>@@
0051 020)0000 0000 0000 0000 0000 0000 0000 0000 @@@@@@@@@@@@@@@@
0051 030)0000 0000 0000 0000 0000 0000 0000 0000 @@@@@@@@@@@@@@@@
0051 040)0000 0000 0000 0000 0000 0000 0000 0000 @@@@@@@@@@@@@@@@
0051 050)0000 0000 0000 0000 0000 0000 0000 0000 @@@@@@@@@@@@@@@@
0051 060)0000 0000 0000 0000 0000 0000 0000 0000 @@@@@@@@@@@@@@@@
0051 070)0000 0000 0000 0000 0000 0000 0000 0000 @@@@@@@@@@@@@@@@
0051 100)0000 0000 0000 0000 0000 0000 0000 0000 @@@@@@@@@@@@@@@@
0051 110)0000 0000 0000 0000 0000 0000 0000 0000 @@@@@@@@@@@@@@@@
0051 120)0000 0000 0000 0000 0000 0000 0000 0000 @@@@@@@@@@@@@@@@
0051 130)0000 0000 0000 0000 0000 0000 0000 0000 @@@@@@@@@@@@@@@@
0051 140)0000 0000 0000 0000 0000 0000 0000 0000 @@@@@@@@@@@@@@@@
0051 150)0000 0000 0000 0000 0000 0000 0000 0000 @@@@@@@@@@@@@@@@
0051 160)0000 0000 0000 0000 0000 0000 0000 0000 @@@@@@@@@@@@@@@@
0051 170)0000 0000 0000 0000 0000 0000 0000 0000 @@@@@@@@@@@@@@@@

0052 000)0000 0000 0000 0000 0000 0000 0000 0000 @@@@@@@@@@@@@@@@
0052 010)0000 0000 0000 0000 0000 0000 0000 0000 @@@@@@@@@@@@@@@@
0052 020)0000 0000 0000 0000 0000 0000 0000 0000 @@@@@@@@@@@@@@@@
0052 030)0000 0000 0000 0000 0000 0000 0000 0000 @@@@@@@@@@@@@@@@
0052 040)0000 0000 0000 0000 0000 0000 0000 0000 @@@@@@@@@@@@@@@@
0052 050)0000 0000 0000 0000 0000 0000 0000 0000 @@@@@@@@@@@@@@@@
0052 060)0000 0000 0000 0000 0000 0000 0000 0000 @@@@@@@@@@@@@@@@
0052 070)0000 0000 0000 0000 0000 0000 0000 0000 @@@@@@@@@@@@@@@@
0052 100)0000 0000 0000 0000 0000 0000 0000 0000 @@@@@@@@@@@@@@@@
0052 110)0000 0000 0000 0000 0000 0000 0000 0000 @@@@@@@@@@@@@@@@
0052 120)0000 0000 0000 0000 0000 0000 0000 0000 @@@@@@@@@@@@@@@@
0052 130)0000 0000 0000 0000 0000 0000 0000 0000 @@@@@@@@@@@@@@@@
0052 140)0000 0000 0000 0000 0000 0000 0000 0000 @@@@@@@@@@@@@@@@
0052 150)0000 0000 0000 0000 0000 0000 0000 0000 @@@@@@@@@@@@@@@@
0052 160)0000 0000 0000 0000 0000 0000 0000 0000 @@@@@@@@@@@@@@@@
0052 170)0000 0000 0000 0000 0000 0000 0000 0000 @@@@@@@@@@@@@@@@

0053 000)0000 0000 0000 0000 0000 0000 0000 0000 @@@@@@@@@@@@@@@@
0053 010)0000 0000 0000 0000 0000 0000 0000 0000 @@@@@@@@@@@@@@@@
0053 020)2473 0000 2023 3300 6007 6203 1657 6117 T;@@PS[@0G2CN/1O
0053 030)4656 7200 1261 3511 1214 0174 7106 7004 &.:@J1]IJLA<9F8D
0053 040)1225 3251 1214 0102 1304 3252 1214 7004 JUZ)JLABKDZ*JL8D
0053 050)7200 6201 6202 1217 6001 5615 5327 5326 :@2A2BJO0A.M+W+V
0053 060)6212 1173 4624 3217 6634 6674 7200 6102 2JI;&TZO6\6<:@1B
0053 070)5303 7010 6234 3214 1621 3215 1260 3621 +C8H2\ZLNQZMJ0^Q
0053 100)1262 3511 7402 1217 6202 5706 5200 0674 J2]I<BJO2B/F*@F<
0053 110)4713 1532 3633 0736 1562 1532 1312 1521 'KMZ^[G^M2MZKJMQ
0053 120)1033 4046 3120 1500 2251 0475 4226 2240 H[ &YPM@R)D="VR 
0053 130)2200 5100 5077 2465 4213 5440 7431 7467 R@)@(?T5"K, <Y<7
0053 140)7506 4214 7465 7504 1545 5070 5110 5127 =F"L<5=DM%(8)H)W
0053 150)5145 5162 6225 7450 7040 0200 0106 0007 )%)22U<(8 B@AF@G
0053 160)0037 0057 4102 0017 4070 4126 0212 0215 @_@/!B@O 8!VBJBM
0053 170)0236 0100 7010 0311 6126 0306 0305 6046 B^A@8HCI1VCFCE0&

0054 000)5356 7736 7603 0011 0000 2757 5610 0000 +.?^>C@I@@W/.H@@
0054 010)7740 7710 7650 7700 7750 7640 0000 1026 ? ?H>(?@?(> @@HV
0054 020)1201 7640 5605 1353 4546 1333 1334 3252 JA> .EK+%&K[K\Z*
0054 030)1136 3216 3207 2032 2031 4550 0123 1015 I^ZNZGPZPY%(ASHM
0054 040)3016 3024 1016 3052 1202 3053 7410 4543 XNXTHNX*JBX+<H%#
0054 050)4544 5471 0000 1216 7710 4564 2216 5247 %$,9@@JN?H%4RN*'
0054 060)1252 7041 1334 7640 5247 1335 3207 5310 J*8!K\> *'K]ZG+H
0054 070)1207 7650 5276 3032 4543 5304 2207 5247 JG>(*>XZ%#+DRG*'
0054 100)1207 7650 5304 5253 1026 3207 1216 7041 JG>(+D*+HVZGJN8!
0054 110)1136 7041 3204 1216 7700 5323 1123 3026 I^8!ZDJN?@+SISXV
0054 120)4564 2216 5320 4553 6170 1121 3025 1207 %4RN+P%+18IQXUJG
0054 130)3026 3032 5552 7774 5477 0054 0001 0203 XVXZ-*?<,?@,@ABC
0054 140)5555 4407 6010 7521 0000 1121 3025 3032 --$G0H=Q@@IQXUXZ
0054 150)4752 5753 5666 2644 1716 4004 0526 1103 '*/+.6V$ON DEVIC
0054 160)0537 0000 0411 2205 0324 1722 3140 0522 E_@@DIRECTORY ER
0054 170)2217 2200 0000 6046 6041 5374 7200 5772 ROR@@@0&0!+<:@/:

0055 000)5215 0212 5666 3666 6640 1320 6711 2316 *MBJ.6^66 KP7ISN
0055 010)5240 4301 5730 1653 4251 6640 5612 3240 * #A/XN+")6 .JZ 
0055 020)5267 0260 6716 4305 6724 4240 6734 1320 *7B07N#E7T" 7\KP
0055 030)6711 2316 5640 3642 5262 6242 6242 2722 7ISN. ^"*22"2"WR
0055 040)6715 2240 6325 7322 6240 3317 6706 2240 7MR 3U;R2 [O7FR 
0055 050)5310 0305 6724 0301 6705 0240 6325 1716 +HCE7TCA7EB 3UON
0055 060)5310 1256 6334 6323 6705 0305 5640 0261 +HJ.3\3S7ECE. B1
0055 070)5215 0212 5666 2667 6240 7707 5324 0317 *MBJ.6V72 ?G+TCO
0055 100)5666 2671 4240 5215 5640 4266 6660 0240 .6V9" *M. "660B 
0055 110)6322 7311 6724 0334 6322 7311 6724 0334 3R;I7TC\3R;I7TC\
0055 120)6322 7311 5324 1240 6727 2717 5314 0304 3R;I+TJ 7WWO+LCD
0055 130)6731 2717 6240 4714 5313 0305 5324 0317 7YWO2 'L+KCE+TCO
0055 140)6724 4722 6240 3701 6301 7311 6642 6273 7T'R2 _A3A;I6"2;
0055 150)6711 0316 5325 0324 6703 6244 6722 1705 7ICN+UCT7C2$7ROE
0055 160)6724 1317 4305 5215 5640 4266 6265 4640 7TKO#E*M. "625& 
0055 170)6306 1640 5244 1275 6731 1705 6642 2240 3FN *$J=7YOE6"R 

0056 000)0000 5402 1173 0000 0000 0000 4165 5644 @@,BI;@@@@@@!5.$
0056 010)0000 0000 0000 0000 0000 7776 0000 0000 @@@@@@@@@@?>@@@@
0056 020)0000 0000 0467 0000 0000 0000 0000 0000 @@@@D7@@@@@@@@@@
0056 030)6213 5432 0265 7777 0000 6036 0000 0000 2K,ZB5??@@0^@@@@
0056 040)6213 5442 0275 0000 0040 0040 0040 0000 2K,"B=@@@ @ @ @@
0056 050)0000 0000 0000 0000 0164 0164 7776 0162 @@@@@@@@A4A4?>A2
0056 060)0100 0000 0000 1617 1605 0000 3714 7407 A@@@@@NONE@@_L<G
0056 070)6000 6007 5400 0000 0000 0000 0000 0000 0@0G,@@@@@@@@@@@
0056 100)0000 0000 0467 0001 0203 5555 0000 0000 @@@@D7@ABC--@@@@
0056 110)0000 0000 0000 0000 0000 5000 5732 4164 @@@@@@@@@@(@/Z!4
0056 120)4164 6170 5434 0015 0007 0177 0137 7777 !418,\@M@GA?A_??
0056 130)0014 0012 7766 0040 0077 7740 7772 0010 @L@J?6@ @?? ?:@H
0056 140)7770 7700 7774 4051 4735 4705 1702 1715 ?8?@?< )']'EOBOM
0056 150)1734 0763 5704 4000 5141 6400 3340 3522 O\G3/D @)!4@[ ]R
0056 160)3171 1571 4031 4014 3600 5662 6431 6423 Y9M9 Y L^@.24Y4S
0056 170)5751 2000 4142 4113 3457 6436 3745 6001 /)P@!"!K\/4^_%0A

0057 000)6201 1117 1227 7710 5207 1120 3117 2117 2AIOJW?H*GIPYOQO
0057 010)1517 0141 7640 5177 3276 1517 6002 4304 MOA!> )?Z>MO0B#D
0057 020)1022 3000 7344 3022 6001 5400 0060 3614 HRX@;$XR0A,@@0^L
0057 030)0000 3107 3013 7346 3111 1377 3110 3112 @@YGXK;&YIK?YHYJ
0057 040)5243 2112 3107 1107 1510 7500 5241 7200 *#QJYGIGMH=@*!:@
0057 050)2110 1112 7440 5257 1013 7650 5277 2013 QHIJ< */HK>(*?PK
0057 060)1226 4467 2111 5237 1107 1226 4467 1276 JV$7QI*_IGJV$7J>
0057 070)7640 5274 1133 4467 3276 5630 0000 1276 > *<I[$7Z>.X@@J>
0057 100)7640 5262 1133 5261 0177 0124 3004 1036 > *2I[*1A?ATXDH^
0057 110)7041 1004 7650 5352 1036 4355 1127 3033 8!HD>(+*H^#-IWX[
0057 120)1776 3036 1411 6213 3410 4000 2006 5322 O>X^LI2K\H @PF+R
0057 130)1004 4355 6213 1410 4000 3411 2006 5332 HD#-2KLH @\IPF+Z
0057 140)1033 3127 1036 3776 1004 3036 1120 7001 H[YWH^_>HDX^IP8A
0057 150)1036 3006 6213 4000 5704 0332 7040 3006 H^XF2K @/DCZ8 XF
0057 160)1375 1372 2006 5361 3010 1374 3011 1373 K=K:PF+1XHK<XIK;
0057 170)3006 5755 0071 7707 0014 4654 3172 0770 XF/-@9?G@L&,Y:G8

0060 000)4777 1776 3112 1036 7040 1512 7650 4775 '?O>YJH^8 MJ>('=
0060 010)4471 1135 3112 7340 1046 3012 4560 3412 $9I]YJ; H&XJ%0\J
0060 020)2112 5217 6201 1044 3045 3034 1127 4545 QJ*O2AH$X%X\IW%%
0060 030)3750 1142 1106 7540 5241 7640 7346 1352 _(I"IF= *!> ;&K*
0060 040)7410 7340 4774 1142 1106 7550 5266 4713 <H; '<I"IF=(*6'K
0060 050)1062 7750 5264 4471 4543 4467 4543 4467 H2?(*4$9%#$7%#$7
0060 060)1133 4467 1062 4713 1123 4467 7200 4777 I[$7H2'KIS$7:@'?
0060 070)4471 7325 4774 4543 4467 3062 7340 3127 $9;U'<%#$7X2; YW
0060 100)1056 3015 3032 3031 1373 4546 4547 5631 H.XMXZXYK;%&%'.Y
0060 110)7640 5502 4562 0230 5772 4565 1054 3016 > -B%2BX/:%5H,XN
0060 120)3024 1030 4560 3416 6201 4566 5331 4771 XTHX%0\N2A%6+Y'9
0060 130)5275 2032 7410 4543 4564 4566 5333 4771 *=PZ<H%#%4%6+['9
0060 140)4560 6002 1431 3454 1054 3431 1023 7440 %00BLY\,H,\YHS< 
0060 150)3416 4574 0016 4547 6523 7650 1137 7001 \N%<@N%'5S>(I_8A
0060 160)1016 3054 1054 3055 6001 5275 2055 0000 HNX,H,X-0A*=P-@@
0060 170)0000 1600 4252 7160 1756 6627 6600 1366 @@N@"*90O.6W6@K6

0061 000)0000 1003 4777 1035 3205 7402 0125 7450 @@HC'?H]ZE<BAU<(
0061 010)5600 3004 7346 1004 7640 5220 4776 5600 .@XD;&HD> *P'>.@
0061 020)1127 7450 5276 6211 3775 6201 1004 4545 IW<(*>2I_=2AHD%%
0061 030)2327 5270 1004 4545 3505 5276 1004 1132 SW*8HD%%]E*>HDIZ
0061 040)7650 5600 1004 0355 7450 5300 1214 7650 >(.@HDC-<(+@JL>(
0061 050)5300 1004 4556 4305 1045 7041 1044 7550 +@HD%.#EH%8!H$=(
0061 060)1133 1132 7710 5600 7350 0406 3406 5600 I[IZ?H.@;(DF\F.@
0061 070)7340 1106 7740 5276 1004 4556 4305 5264 ; IF? *>HD%.#E*4
0061 100)1124 4556 1124 4556 5600 0000 4560 1444 IT%.IT%..@@@%0L$
0061 110)7640 4776 4560 1004 3444 6201 2044 1044 > '>%0HD\$2AP$H$
0061 120)7041 1133 1046 7640 5705 1046 3044 5705 8!I[H&> /EH&X$/E
0061 130)0000 1003 4777 3051 4560 1450 7450 5354 @@HC'?X)%0L(<(+,
0061 140)4774 4560 3450 2050 1050 7041 1046 7640 '<%0\(P(H(8!H&> 
0061 150)5354 1046 1135 3050 4773 0140 5730 7352 +,H&I]X(';A /X;*
0061 160)0406 3406 5730 0000 4560 1415 6201 5763 DF\F/X@@%0LM2A/3
0061 170)6030 7634 7766 6021 3400 2334 3542 0304 0X>\?60Q\@S\]"CD

0062 000)0000 7640 5240 4547 3306 3031 4547 4400 @@> * %'[FXY%'$@
0062 010)7640 5271 1031 3032 4550 0025 4550 0017 > *9HYXZ%(@U%(@O
0062 020)4550 0040 4553 0017 1043 3026 4575 5232 %(@ %+@OH#XV%=*Z
0062 030)2200 5600 4567 4557 4543 4575 7410 5230 R@.@%7%/%#%=<H*X
0062 040)1031 7650 5246 4547 7625 5250 4547 2612 HY>(*&%'>U*(%'VJ
0062 050)4550 0017 4553 0040 1026 3043 4553 0017 %(@O%+@ HVX#%+@O
0062 060)4553 0025 4555 6170 4567 5270 4543 5203 %+@U%-18%7*8%#*C
0062 070)4575 4557 5600 7340 4200 5552 1031 4546 %=%/.@; "@-*HY%&
0062 100)1037 4572 0003 4557 3037 4551 3031 5273 H_%:@C%/X_%)XY*;
0062 110)4334 4550 0040 1043 4546 1123 3043 4200 #\%(@ H#%&ISX#"@
0062 120)5325 4547 1152 7340 5317 4575 5233 4551 +U%'I*; +O%=*[%)
0062 130)3043 4553 0040 5552 0000 1026 1370 7640 X#%+@ -*@@HVK8> 
0062 140)5734 1075 7640 4543 4567 4557 4543 1371 /\H=> %#%7%/%#K9
0062 150)3066 5734 1066 1372 7640 5363 4471 1134 X6/\H6K:> +3$9I\
0062 160)4467 1133 4467 4547 5631 7640 4557 5552 $7I[$7%'.Y> %/-*
0062 170)7735 6654 4064 6212 5775 4663 4547 2612 ?]6, 42J/=&3%'VJ

0063 000)4550 6170 1031 4546 1106 1132 7510 4557 %(18HY%&IFIZ=H%/
0063 010)7126 3364 4543 4545 3640 5263 7200 1364 9V[4%#%%^ *3:@K4
0063 020)4545 2377 7610 5207 1106 1222 3364 1764 %%S?>H*GIFJR[4O4
0063 030)3252 4547 2612 7346 4571 7650 4557 4551 Z*%'VJ;&%9>(%/%)
0063 040)1031 7640 5324 4553 6170 4407 6521 7521 HY> +T%+18$G5Q=Q
0063 050)0000 1521 7402 4562 5552 5674 4565 4575 @@MQ<B%2-*.<%5%=
0063 060)4557 1030 5552 1106 1132 7510 5216 7001 %/HX-*IFIZ=H*N8A
0063 070)1364 3364 4543 5217 2525 1363 0100 0467 K4[4%#*OUUK3A@D7
0063 100)3757 4550 6170 4567 5777 4547 2611 4553 _/%(18%7/?%'VI%+
0063 110)1364 4407 0710 4521 1776 3521 7775 0710 K4$GGH%QO>]Q?=GH
0063 120)2775 0000 5552 3714 4553 1364 1121 3031 W=@@-*_L%+K4IQXY
0063 130)1275 3013 7346 3112 1413 7040 3107 1107 J=XK;&YJLK8 YGIG
0063 140)0134 7640 1141 1107 3107 1431 7001 0134 A\> I!IGYGLY8AA\
0063 150)3110 1431 1276 0141 1110 1107 7440 5252 YHLYJ>A!IHIG< **
0063 160)2031 2112 5334 5252 0000 0000 0000 1323 PYQJ+\**@@@@@@KS
0063 170)3066 1277 3102 4700 5766 6165 2570 5343 X6J?YB'@/615U8+#

0064 000)7340 3370 4547 4400 7650 1026 1322 7640 ; [8%'$@>(HVKR> 
0064 010)4557 4550 0023 4547 2611 4553 0023 4555 %/%(@S%'VI%+@S%-
0064 020)6170 7340 1017 3342 2370 5323 1023 7710 18; HO["S8+SHS?H
0064 030)4557 4571 1142 7640 5332 1025 7041 3370 %/%9I"> +ZHU8![8
0064 040)4547 2612 4550 6170 4575 5327 4550 3570 %'VJ%(18%=+W%(]8
0064 050)1030 4546 1030 7410 4551 4572 0001 4557 HX%&HX<H%)%:@A%/
0064 060)4546 4570 5254 4547 4400 7650 1025 1370 %&%8*,%'$@>(HUK8
0064 070)7640 5254 4566 5743 2015 4551 3030 1030 > *,%6/#PM%)XXHX
0064 100)4560 3417 1342 3417 6201 4553 6170 1017 %0\OK"\O2A%+18HO
0064 110)4555 6170 4553 6170 7326 7001 1017 4555 %-18%+18;V8AHO%-
0064 120)6170 4574 7703 4575 4557 1342 5777 7344 18%<?C%=%/K"/?;$
0064 130)4571 7650 4557 4547 2612 4550 6170 4575 %9>(%/%'VJ%(18%=
0064 140)5332 5250 0000 2400 4570 5357 4547 4400 +Z*(@@T@%8+/%'$@
0064 150)7650 1026 1322 7640 5345 3370 5211 7200 >(HVKR> +%[8*I:@
0064 160)1062 7740 4557 4557 4546 1376 4546 5512 H2? %/%/%&K>%&-J
0064 170)0000 0000 7106 7006 7006 5771 5550 2460 @@@@9F8F8F/9-(T0

0065 000)0000 4574 5600 2032 4543 4566 5204 1017 @@%<.@PZ%#%6*DHO
0065 010)7040 1027 4546 1027 7001 3017 3021 4547 8 HW%&HW8AXOXQ%'
0065 020)6523 7650 1140 4551 3112 1027 7041 1057 5S>(I %)YJHW8!H/
0065 030)7650 5600 4560 1427 3431 1057 3110 1510 >(.@%0LW\YH/YHMH
0065 040)7450 5254 3107 1027 7141 1107 7630 1112 <(*,YGHW9!IG>XIJ
0065 050)1107 3510 1107 5236 7340 1027 3012 1112 IG]HIG*^; HWXJIJ
0065 060)7040 1027 3017 1112 1054 3054 1016 7040 8 HWXOIJH,X,HN8 
0065 070)1017 3107 1112 1016 3016 1417 3412 2107 HOYGIJHNXNLO\JQG
0065 100)5275 5201 0000 3315 7340 4322 1315 4560 *=*A@@[M; #RKM%0
0065 110)3415 6201 7340 4322 5702 0000 1715 3302 \M2A; #R/B@@OM[B
0065 120)2315 5304 0000 1015 3015 7326 1055 7161 SM+D@@HMXM;VH-91
0065 130)1015 7630 5777 5722 0000 7340 1734 3012 HM>X/?/R@@; O\XJ
0065 140)7346 4322 7346 3112 1412 4560 3415 6201 ;&#R;&YJLJ%0\M2A
0065 150)2112 5344 7346 4322 2334 5734 0000 3017 QJ+$;&#RS\/\@@XO
0065 160)3021 1136 3110 4543 4467 2110 5363 5756 XQI^YH%#$7QH+3/.
0065 170)0015 0007 0177 0137 0100 0040 5767 4473 @M@GA?A_A@@ /7$;

0066 000)0000 3014 1026 4546 4550 0017 1377 6211 @@XLHV%&%(@OK?2I
0066 010)3110 7350 0510 3510 2110 1510 7440 5210 YH;(EH]HQHMH< *H
0066 020)3107 3111 5241 1510 7104 7130 3510 2110 YGYI*!MH9D9X]HQH
0066 030)1510 7440 5244 1013 7650 5333 6201 4543 MH< *$HK>(+[2A%#
0066 040)6211 2107 3013 1377 3110 1510 7710 5227 2IQGXKK?YHMH?H*W
0066 050)4341 7640 5223 2013 1510 7012 0124 7110 #!> *SPKMH8JAT9H
0066 060)3013 1013 7041 1107 7640 5227 1510 0124 XKHK8!IG> *WMHAT
0066 070)7040 1013 3013 6201 4543 6211 2013 5322 8 HKXK2A%#2IPK+R
0066 100)1510 4561 7006 0134 1376 3013 1014 7450 MH%18FA\K>XKHL<(
0066 110)5314 1013 7640 5333 6201 7307 1015 3015 +LHK> +[2A;GHMXM
0066 120)1013 5600 2111 2107 4341 7650 5273 7340 HK.@QIQG#!>(*;; 
0066 130)1111 7650 5300 6201 4553 0017 4551 3026 II>(+@2A%+@O%)XV
0066 140)5600 0000 7301 1107 7010 1110 3012 1412 .@@@;AIG8HIHXJLJ
0066 150)7430 5355 7012 7012 7012 0134 7450 1365 <X+-8J8J8JA\<(K5
0066 160)1375 1026 5741 0000 4562 0122 7410 2363 K=HV/!@@%2AR<HS3
0066 170)4570 7410 2363 6213 5763 7641 7746 0771 %8<HS32K/3>!?&G9

0067 000)4565 4566 4557 4574 5202 2032 4637 3127 %5%6%/%<*BPZ&_YW
0067 010)4466 1026 3127 4543 4470 4467 4544 0122 $6HVYW%#$8$7%$AR
0067 020)2043 4564 5213 4564 4466 4544 0122 1226 P#%4*K%4$6%$ARJV
0067 030)5223 4564 4564 4635 5636 5621 0516 5610 *S%4%4&].^.QEN.H
0067 040)4336 1054 3016 4317 5762 4770 1031 3027 #^H,XN#O/2'8HYXW
0067 050)5243 4336 2032 1141 3025 1034 7650 5266 *##^PZI!XUH\>(*6
0067 060)3034 4470 7330 4467 2025 5261 4470 1123 X\$8;X$7PU*1$8IS
0067 070)4467 4317 5304 4471 1030 4771 4543 4470 $7#O+D$9HX'9%#$8
0067 100)4467 4566 5276 5271 1025 7640 5772 1141 $7%6*>*9HU> /:I!
0067 110)3025 4470 7330 4467 2025 5311 5773 0000 XU$8;X$7PU+I/;@@
0067 120)1123 3026 4573 5717 4551 3112 1112 4546 ISXV%;/O%)YJIJ%&
0067 130)1030 7041 1112 7700 2317 5717 0000 4566 HX8!IJ?@SO/O@@%6
0067 140)5344 3031 7350 5354 4565 1030 3031 4567 +$XY;(+,%5HXXY%7
0067 150)5366 4543 4565 1030 4546 1031 3030 4566 +6%#%5HX%&HYXX%6
0067 160)5202 4574 0467 1031 3027 5736 1031 5354 *B%<D7HYXW/^HY+,
0067 170)1600 0230 7124 5077 4547 4400 7650 4566 N@BX9T(?%'$@>(%6

0070 000)4557 4407 0521 0000 4560 1417 7450 4557 %/$GEQ@@%0LO<(%/
0070 010)3107 1417 3344 6201 1017 4554 6170 1521 YGLO[$2AHO%,18MQ
0070 020)7700 1256 1220 3243 4407 1521 7521 0000 ?@J.JPZ#$GMQ=Q@@
0070 030)4555 6170 7325 1017 4554 6170 4407 2521 %-18;UHO%,18$GUQ
0070 040)7521 0000 1521 7402 5253 7340 1017 3107 =Q@@MQ<B*+; HOYG
0070 050)4560 3507 5552 1107 3030 4574 0050 1344 %0]G-*IGXX%<@(K$
0070 060)3017 3026 5552 4765 4777 1054 3055 4550 XOXV-*'5'?H,X-%(
0070 070)7736 4553 0103 1062 4572 0001 5312 3062 ?^%+ACH2%:@A+JX2
0070 100)4353 4547 4400 7650 4566 5200 4560 3417 #+%'$@>(%6*@%0\O
0070 110)6201 5273 4353 1057 3027 4573 5776 3032 2A*;#+H/XW%;/>XZ
0070 120)4543 2022 5326 4353 7410 2015 4765 3031 %#PR+V#+<HPM'5XY
0070 130)1030 3062 4571 7540 5775 1374 3107 6211 HXX2%9= /=K<YG2I
0070 140)1507 6201 3344 4547 0000 7450 5315 3030 MG2A[$%'@@<(+MXX
0070 150)4574 4557 5317 0000 1353 3022 5177 6211 %<%/+O@@K+XR)?2I
0070 160)3773 5552 4551 3030 4574 1366 4551 5260 _;-*%)XX%<K6%)*0
0070 170)2330 0000 0000 0042 3750 1557 0467 6627 SX@@@@@"_(M/D76W

0071 000)0000 1106 4546 1114 4546 1111 4546 1200 @@IF%&IL%&II%&J@
0071 010)4546 4543 3114 1353 4546 3353 4563 5223 %&%#YLK+%&[+%3*S
0071 020)5241 5344 5777 1376 3025 7344 1106 7450 *!+$/?K>XU;$IF<(
0071 030)5261 7001 7650 5336 4576 5354 4200 2015 *18A>(+^%>+,"@PM
0071 040)5775 1121 3025 4516 2353 5251 7330 1425 /=IQXU%NS+*);XLU
0071 050)3425 3353 4545 3640 5256 3106 4576 7410 \U[+%%^ *.YF%><H
0071 060)4557 1106 3113 1113 1140 7700 3113 1113 %/IFYKIKI ?@YKIK
0071 070)7041 1114 7710 5323 1114 1374 3111 1511 8!IL?H+SILK<YIMI
0071 100)3307 1114 7640 4553 0107 4407 0107 5773 [GIL> %+AG$GAG/;
0071 110)7521 0000 1121 3025 1113 1114 7650 5366 =Q@@IQXUIKIL>(+6
0071 120)4551 3114 5267 4576 7410 5236 1114 4546 %)YL*7%><H*^IL%&
0071 130)1025 3333 4550 0000 1113 3114 4543 4563 HU[[%(@@IKYL%#%3
0071 140)5234 5241 5344 5357 4547 4400 7440 5772 *\*!+$+/%'$@< /:
0071 150)1121 3025 5244 0000 7344 1106 7540 4557 IQXU*$@@;$IF= %/
0071 160)7640 5336 1353 7040 3353 5336 4551 3353 > +^K+8 [++^%)[+
0071 170)5552 5547 5711 5021 5443 7741 3571 7617 -*-'/I(Q,#?!]9>O

0072 000)4546 3111 2111 4550 6170 4567 5214 4777 %&YIQI%(18%7*L'?
0072 010)4551 2015 2015 5201 1055 3024 1111 1376 %)PMPM*AH-XTIIK>
0072 020)3023 4547 4435 4553 6170 4555 6170 7352 XS%'$]%+18%-18;*
0072 030)1023 7440 5217 7330 4551 7041 3345 4550 HS< *O;X%)8![%%(
0072 040)0017 1106 4546 1024 4546 7410 4551 4572 @OIF%&HT%&<H%)%:
0072 050)0011 4557 4546 4571 1375 7640 5246 1026 @I%/%&%9K=> *&HV
0072 060)1345 7640 5246 2015 1062 4546 1030 3062 K%> *&PMH2%&HXX2
0072 070)4543 4545 3640 4576 4557 1106 4546 4543 %#%%^ %>%/IF%&%#
0072 100)7332 3107 1055 3025 4570 5274 1026 0315 ;ZYGH-XU%8*<HVCM
0072 110)4561 7010 3110 4543 4562 0037 5324 1026 %18HYH%#%2@_+THV
0072 120)0315 1110 3110 4543 2107 4560 1425 7041 CMIHYH%#QG%0LU8!
0072 130)1107 7640 4557 1110 3425 6201 1142 1025 IG> %/IH\U2AI"HU
0072 140)3025 4567 5346 4543 5304 0000 2107 4560 XU%7+&%#+D@@QG%0
0072 150)1425 6201 7041 1107 7650 5332 4545 3640 LU2A8!IG>(+Z%%^ 
0072 160)7410 5274 7344 1106 7041 4551 7640 5274 <H*<;$IF8!%)> *<
0072 170)5774 0000 6221 5771 5112 7773 2000 2600 /<@@2Q/9)J?;P@V@

0073 000)4543 2025 5206 4470 1133 4467 4544 5471 %#PU*F$8I[$7%$,9
0073 010)6212 7340 4571 7640 5222 1377 4571 7650 2J; %9> *RK?%9>(
0073 020)5552 7340 4546 4545 3640 4576 4557 4776 -*; %&%%^ %>%/'>
0073 030)2015 4775 4560 2415 5774 4522 4546 4470 PM'=%0TM/<%R%&$8
0073 040)4551 7450 7330 4467 5306 4522 1373 7440 %)<(;X$7+F%RK;< 
0073 050)1372 7040 3025 1061 1372 1025 7510 5272 K:8 XUH1K:HU=H*:
0073 060)7200 6002 1123 4771 1123 4771 1373 3061 :@0BIS'9IS'9K;X1
0073 070)6001 7410 3025 2025 7410 5304 4470 1133 0A<HXUPU<H+D$8I[
0073 100)4467 5273 3032 4543 7410 7340 3025 4544 $7*;XZ%#<H; XU%$
0073 110)5470 6205 2025 5211 4557 1067 1370 7650 ,82EPU*I%/H7K8>(
0073 120)5327 4470 4467 5336 4470 1133 4467 7326 +W$8$7+^$8I[$7;V
0073 130)1061 1367 7510 5331 7640 5324 4543 5206 H1K7=H+Y> +T%#*F
0073 140)0000 7450 1026 4771 1012 1366 7450 5361 @@<(HV'9HJK6<(+1
0073 150)1365 7510 7610 1141 7710 2061 5740 1123 K5=H>HI!?HP1/ IS
0073 160)5343 1373 3061 1131 5343 7755 7763 0016 +#K;X1IY+#?-?3@N
0073 170)0371 3400 0110 7670 4346 5666 2600 7752 C9\@AH>8#&.6V@?*

0074 000)0000 6201 3012 1034 7640 5255 1051 7640 @@2AXJH\> *-H)> 
0074 010)5235 1137 1035 3226 1036 7160 3112 7410 *]I_H]ZVH^90YJ<H
0074 020)7010 2112 5220 6117 7200 1012 7402 3051 8HQJ*P1O:@HJ<BX)
0074 030)1777 6117 6115 7200 5255 4560 1447 7640 O?1O1M:@*-%0L'> 
0074 040)4342 4560 1012 3447 2047 1047 7041 1046 #"%0HJ\'P'H'8!H&
0074 050)7640 5255 1046 1135 3047 6201 5600 0000 > *-H&I]X'2A.@@@
0074 060)1030 7710 5316 4560 1057 3031 1057 3027 HX?H+N%0H/XYH/XW
0074 070)1027 3012 1030 7041 1412 7450 5307 7700 HWXJHX8!LJ<(+G?@
0074 100)5310 1027 3031 1427 7440 5267 7410 2257 +HHWXYLW< *7<HR/
0074 110)1027 7001 3017 3021 6201 5657 7340 1060 HW8AXOXQ2A./; H0
0074 120)3027 5307 0000 6002 7200 6201 1125 3342 XW+G@@0B:@2AIU["
0074 130)1322 7110 3127 7350 0406 3406 4776 1375 KR9HYW;(DF\F'>K=
0074 140)3022 5742 0000 7340 1135 1046 3012 1135 XR/"@@; I]H&XJI]
0074 150)3112 4560 3412 2112 5352 6201 1047 3050 YJ%0\JQJ+*2AH'X(
0074 160)1342 3322 1117 7041 1006 7650 5325 5330 K"[RIO8!HF>(+U+X
0074 170)2014 0000 0000 0000 1006 0400 1366 5326 PL@@@@@@HFD@K6+V

0075 000)0000 4544 1767 0500 4545 3505 5265 1026 @@%$O7E@%%]E*5HV
0075 010)1135 2024 5232 1023 4560 3416 6201 3023 I]PT*ZHS%0\N2AXS
0075 020)1453 1132 7141 1016 7630 4557 5600 1377 L+IZ9!HN>X%/.@K?
0075 030)1133 5211 4561 3023 7340 3024 5600 2024 I[*I%1XS; XT.@PT
0075 040)5245 3023 1126 4467 5600 1052 7041 1016 *%XSIV$7.@H*8!HN
0075 050)7650 5600 1016 3112 7340 3024 7340 1016 >(.@HNYJ; XT; HN
0075 060)3016 4560 1512 0141 5241 4550 0017 1200 XN%0MJA!*!%(@OJ@
0075 070)4546 4471 1376 4467 1133 4467 1124 4775 %&$9K>$7I[$7IT'=
0075 100)4543 4467 4543 4467 4551 3200 1052 3016 %#$7%#$7%)Z@H*XN
0075 110)4553 0017 3026 5235 0000 4560 1445 3026 %+@OXV*]@@%0L%XV
0075 120)3445 6201 1026 7650 5337 2045 1045 7041 \%2AHV>(+_P%H%8!
0075 130)1133 1046 7640 5336 1046 3045 5714 7340 I[H&> +^H&X%/L; 
0075 140)1314 3022 1517 4774 4000 0000 1106 1136 KLXRMO'< @@@IFI^
0075 150)7710 5745 1106 1140 7710 2345 5745 0000 ?H/%IFI ?HS%/%@@
0075 160)1373 3067 1372 3070 1371 3071 5757 0020 K;X7K:X8K9X9//@P
0075 170)7340 6007 6000 7407 5600 1756 0044 0037 ; 0G0@<G.@O.@$@_

0076 000)0000 7340 1600 3012 7346 3112 4551 3412 @@; N@XJ;&YJ%)\J
0076 010)2112 5206 2200 5600 0000 4545 3640 5614 QJ*FR@.@@@%%^ .L
0076 020)2214 4562 5614 7410 5614 2214 4570 2214 RL%2.L<H.LRL%8RL
0076 030)5614 0000 1026 1377 3106 7326 1106 7450 .L@@HVK?YF;VIF<(
0076 040)5631 2231 1376 7740 5631 1106 7700 2231 .YRYK>? .YIF?@RY
0076 050)5631 0000 2021 5270 1020 0134 1133 3026 .Y@@PQ*8HPA\I[XV
0076 060)4544 1772 7201 1026 6211 3775 6201 5651 %$O::AHV2I_=2A.)
0076 070)4560 1417 6201 3020 7340 3021 1020 4561 %0LO2AXP; XQHP%1
0076 100)7004 5255 1032 7640 5263 5252 1124 3026 8D*-HZ> *3**ITXV
0076 110)5263 1123 5307 0000 4566 7610 5325 1026 *3IS+G@@%6>H+UHV
0076 120)1345 7650 5337 4543 5314 4560 1427 7450 K%>(+_%#+L%0LW<(
0076 130)5340 3027 1027 3017 3021 1417 3030 2313 + XWHWXOXQLOXXSK
0076 140)6201 5713 0000 3030 4574 7644 4573 5357 2A/K@@XX%<>$%;+/
0076 150)4543 4571 1742 7640 5346 2342 1030 2342 %#%9O"> +&S"HXS"
0076 160)5742 0000 4543 6213 5761 0000 0001 0002 /"@@%#2K/1@@@A@B
0076 170)0003 0004 2425 3425 4425 0005 7765 7720 @C@DTU\U$U@E?5?P

0077 000)4565 4575 4557 7340 1017 4546 1062 4546 %5%=%/; HO%&H2%&
0077 010)1377 4546 5776 7340 3031 4547 5741 4775 K?%&/>; XY%'/!'=
0077 020)6213 4774 4240 4773 2031 5772 4566 4557 2K'<" ';PY/:%6%/
0077 030)4560 3457 7326 1057 3054 1054 3055 5772 %0\/;VH/X,H,X-/:
0077 040)0000 6211 1523 3063 1771 3064 1770 3065 @@2IMSX3O9X4O8X5
0077 050)6201 5640 3037 1123 3043 4571 1136 7510 2A. X_ISX#%9I^=H
0077 060)5270 1367 3107 6211 1507 6201 3107 5507 *8K7YG2IMG2AYG-G
0077 070)7340 1060 3027 7340 3030 4766 5765 4547 ; H0XW; XX'6/5%'
0077 100)2612 4571 1124 7450 5311 1364 7640 4557 VJ%9IT<(+IK4> %/
0077 110)7340 3110 4522 7570 5343 7041 3107 4565 ; YH%R=8+#8!YG%5
0077 120)2107 5324 1030 4546 4567 5330 4543 5317 QG+THX%&%7+X%#+O
0077 130)4575 5307 1107 7710 5343 4551 3030 1030 %=+GIG?H+#%)XXHX
0077 140)2110 5552 5203 1062 3030 5552 4407 7763 QH-**CH2XX-*$G?3
0077 150)0000 4550 5763 4553 6170 4547 1311 4547 @@%(/3%+18%'KI%'
0077 160)2557 5762 3245 1364 0004 2526 5621 4724 U//2Z%K4@DUV.Q'T
0077 170)0017 0016 0467 6627 0067 6602 2550 2562 @O@ND76W@76BU(U2

0100 000)4570 4557 1026 0223 4561 7010 3023 4543 %8%/HVBS%18HXS%#
0100 010)4563 5334 5222 5727 1026 1332 7640 5235 %3+\*R/WHVKZ> *]
0100 020)2031 5225 4562 0037 5235 1026 0223 1023 PY*U%2@_*]HVBSHS
0100 030)3023 4543 4545 3640 5334 4560 1055 3025 XS%#%%^ +\%0H-XU
0100 040)1054 7041 1025 7650 5265 1425 7141 1023 H,8!HU>(*5LU9!HS
0100 050)7450 5733 7420 7041 7106 7650 4557 1425 <(/[<P8!9F>(%/LU
0100 060)7710 7340 1142 1025 5237 1124 1055 7141 ?H; I"HU*_ITH-9!
0100 070)1015 7630 5276 1054 3055 4557 7301 7006 HM>X*>H,X-%/;A8F
0100 100)1055 3025 1023 7700 5310 1024 3425 2025 H-XUHS?@+HHT\UPU
0100 110)1023 3425 6201 1025 4546 7301 1055 3025 HS\U2AHU%&;AH-XU
0100 120)4551 3055 4555 3571 5726 4602 4623 4626 %)X-%-]9/V&B&S&V
0100 130)2600 0045 7734 4604 4576 5235 1023 3111 V@@%?\&D%>*]HSYI
0100 140)4730 7330 4551 3023 4522 7530 4557 3024 'X;X%)XS%R=X%/XT
0100 150)4567 5725 4550 0023 4547 2611 4553 0023 %7/U%(@S%'VI%+@S
0100 160)4522 0141 7010 7640 5346 1024 0141 7640 %RA!8H> +&HTA!> 
0100 170)5346 1024 4561 6211 1731 6201 3024 7332 +&HT%12IOY2AXT;Z

0101 000)1023 3023 4777 5776 1023 7700 5217 7340 HSXS'?/>HS?@*O; 
0101 010)1025 3025 1425 7041 1024 7640 5775 6201 HUXULU8!HT> /=2A
0101 020)7346 1025 3025 4554 6170 5552 1026 0374 ;&HUXU%,18-*HVC<
0101 030)1023 4545 3577 7410 5776 1106 7650 5276 HS%%]?<H/>IF>(*>
0101 040)4550 0017 1026 4546 4543 1026 3025 4551 %(@OHV%&%#HVXU%)
0101 050)3026 4553 0017 1106 1373 3112 6211 1512 XV%+@OIFK;YJ2IMJ
0101 060)1025 7640 5776 1106 4546 4543 4543 4545 HU> />IF%&%#%#%%
0101 070)3640 4576 4557 4551 7001 5552 4543 4570 ^ %>%/%)8A-*%#%8
0101 100)4557 7350 1026 4546 5266 0000 7450 1026 %/;(HV%&*6@@<(HV
0101 110)7041 3112 1705 3012 6211 1412 6201 7510 8!YJOEXJ2ILJ2A=H
0101 120)5331 1112 7640 5314 1705 7040 1012 3106 +YIJ> +LOE8 HJYF
0101 130)7410 2305 2305 7300 5705 0000 7450 1026 <HSESE;@/E@@<(HV
0101 140)7041 3112 1735 3012 2335 1412 7510 5362 8!YJO]XJS]LJ=H+2
0101 150)1112 7640 5345 1012 1735 3335 6211 1735 IJ> +%HJO][]2IO]
0101 160)6201 3335 7300 2335 5735 0000 4467 6213 2A[];@S]/]@@$72K
0101 170)5765 4575 5366 3620 0037 4462 4435 5666 /5%=+6^P@_$2$].6

0102 000)0000 6213 4777 5600 2776 4775 5600 4407 @@2K'?.@W>'=.@$G
0102 010)6100 0216 6150 0774 0000 5552 6014 0000 1@BN1(G<@@-*0L@@
0102 020)0000 7773 0425 1772 6425 6050 5264 0425 @@?;DUO:4U0(*4DU
0102 030)6100 3216 2771 6150 5264 0425 6110 5244 1@ZNW91(*4DU1H*$
0102 040)0774 4773 7773 0425 0000 4522 7510 7041 G<';?;DU@@%R=H8!
0102 050)7040 3200 4407 0774 0000 5261 4407 3773 8 Z@$GG<@@*1$G_;
0102 060)0000 2200 5256 5275 0773 0000 4547 5464 @@R@*.*=G;@@%',4
0102 070)4407 3425 0000 4547 5463 4407 5770 7301 $G\U@@%',3$G/8;A
0102 100)3025 4566 4557 4767 1051 7640 5303 1025 XU%6%/'7H)> +CHU
0102 110)3034 5766 4543 1026 1330 7640 4557 4547 X\/6%#HVKX> %/%'
0102 120)2611 4575 5316 4551 3062 1062 3030 4574 VI%=+N%)X2H2XX%<
0102 130)7703 4551 3055 4551 3106 4553 0017 3031 ?C%)X-%)YF%+@OXY
0102 140)5765 0000 7440 5346 7340 1025 3013 7340 /5@@< +&; HUXK; 
0102 150)1741 3014 7346 3112 4560 1413 6201 3414 O!XL;&YJ%0LK2A\L
0102 160)2112 5354 2341 5741 2104 7741 0467 2553 QJ+,S!/!QD?!D7U+
0102 170)2710 0566 2570 6165 3570 0230 0276 1200 WHE6U815]8BXB>J@

0103 000)3316 7010 3317 1112 3320 1012 3321 1106 [N8H[OIJ[PHJ[QIF
0103 010)3322 1560 3323 1545 3327 1777 3324 3003 [RM0[SM%[WO?[TXC
0103 020)3005 1376 3223 7402 1142 3254 7340 1254 XEK>ZS<BI"Z,; J,
0103 030)3252 1140 1252 3241 6213 4000 1005 6117 Z*I J*Z!2K @HE1O
0103 040)7200 7402 7410 4775 1005 6117 7110 7450 :@<B<H'=HE1O9H<(
0103 050)7330 3005 7402 5256 7402 4774 2003 2223 ;XXE<B*.<B'<PCRS
0103 060)1003 1325 7640 5223 1326 6117 6115 7200 HCKU> *SKV1O1M:@
0103 070)1517 4707 1320 3112 1321 3012 1322 3106 MO'GKPYJKQXJKRYF
0103 100)1323 3560 1327 3545 1324 3777 2773 0304 KS]0KW]%KT_?W;CD
0103 110)1317 7104 1316 6244 6001 5400 0000 0000 KO9DKN2$0A,@@@@@
0103 120)0000 0000 0000 0000 0000 7777 0000 0000 @@@@@@@@@@??@@@@
0103 130)6046 6126 6126 6126 6126 6212 5727 0000 0&1V1V1V1V2J/W@@
0103 140)1031 7640 4567 4557 4550 6170 3031 5737 HY> %7%/%(18XY/_
0103 150)1376 3356 1325 3110 7001 1132 7402 3361 K>[.KUYH8AIZ<B[1
0103 160)7001 7402 2356 2110 5355 7701 7001 7421 8A<BS.QH+-?A8A<Q
0103 170)1120 3117 5177 7400 0730 0600 1330 6021 IPYO)?<@GXF@KX0Q

0104 000)1026 4546 4550 0017 4550 6170 1015 3017 HV%&%(@O%(18HMXO
0104 010)3021 1136 3031 2032 4543 4566 7410 5223 XQI^XYPZ%#%6<H*S
0104 020)4467 2031 5214 4553 6170 4553 0017 4551 $7PY*L%+18%+@O%)
0104 030)3026 3031 3032 5320 0000 6213 4777 5634 XVXYXZ+P@@2K'?.\
0104 040)1376 3102 5775 0425 1425 2425 3425 4425 K>YB/=DULUTU\U$U
0104 050)5000 4407 0103 0000 1374 1373 1372 1371 (@$GAC@@K<K;K:K9
0104 060)1370 1367 1366 1365 1364 1363 3112 6213 K8K7K6K5K4K3YJ2K
0104 070)5512 0073 0054 0047 0042 0015 0134 4546 -J@;@,@'@"@MA\%&
0104 100)4762 4551 3107 6213 5507 1026 1361 7640 '2%)YG2K-GHVK1> 
0104 110)5320 1100 7640 4543 4567 5760 4543 4757 +PI@> %#%7/0%#'/
0104 120)4547 3306 7640 5552 4471 4547 2612 1031 %'[F> -*$9%'VJHY
0104 130)7640 5200 1061 1356 7710 5340 1123 4467 > *@H1K.?H+ IS$7
0104 140)4515 7340 5320 4470 1123 4467 7001 5552 %M; +P$8IS$78A-*
0104 150)4551 3112 6213 5512 7330 1066 0016 7350 %)YJ2K-J;XH6@N;(
0104 160)1145 7735 2553 2201 7700 7677 7662 7775 I%?]U+RA?@>?>2?=
0104 170)7761 7740 0560 7757 0047 7312 7132 2162 ?1? E0?/@';J9ZQ2

0105 000)0000 3112 1600 7040 0112 1600 3517 5177 @@YJN@8 AJN@]O)?
0105 010)0000 1060 3016 3024 1060 3052 1377 3053 @@H0XNXTH0X*K?X+
0105 020)5610 0000 1060 3017 3021 1123 3053 4543 .H@@H0XOXQISX+%#
0105 030)5621 4210 4466 5236 7301 5552 4564 4566 .Q"H$6*^;A-*%4%6
0105 040)5232 4564 4221 5552 0000 7300 1244 6213 *Z%4"Q-*@@;@J$2K
0105 050)3776 5775 0000 4562 5260 7410 2252 2252 _>/=@@%2*0<HR*R*
0105 060)6213 5652 0000 6213 4774 5662 0000 4551 2K.*@@2K'<.2@@%)
0105 070)3114 7344 1106 7041 4551 7640 4557 4543 YL;$IF8!%)> %/%#
0105 100)5666 2015 4575 4557 3012 4551 3112 1012 .6PM%=%/XJ%)YJHJ
0105 110)5512 3111 4727 4551 7510 5730 1331 3111 -JYI'W%)=H/XKYYI
0105 120)6211 1511 6201 3325 4547 0000 5773 2600 2IMI2A[U%'@@/;V@
0105 130)3000 3654 0000 6213 4772 4407 7425 0000 X@^,@@2K':$G<U@@
0105 140)5732 4575 5552 4471 1371 4770 4547 5631 /Z%=-*$9K9'8%'.Y
0105 150)5552 0000 1026 1367 7710 5751 1026 1366 -*@@HVK7?H/)HVK6
0105 160)7750 2351 5751 2074 4000 0000 7646 7677 ?(S)/)P< @@@>&>?
0105 170)1756 0021 1000 7741 1143 0203 0200 0057 O.@QH@?!I#BCB@@/

0106 000)0000 4221 5205 0000 5600 1200 5215 0000 @@"Q*E@@.@J@*M@@
0106 010)4221 0014 7410 5607 1207 3022 1517 4777 "Q@L<H.GJGXRMO'?
0106 020)2000 0000 4560 1447 6201 7640 5621 1047 P@@@%0L'2A> .QH'
0106 030)7041 1050 7550 1133 7041 7001 7450 5621 8!H(=(I[8!8A<(.Q
0106 040)7001 7450 5621 2221 1211 7750 2221 5621 8A<(.QRQJI?(RQ.Q
0106 050)4776 3024 4547 4400 7650 4575 4557 1031 '>XT%'$@>(%=%/HY
0106 060)7650 5256 4550 0025 4550 0017 1023 7104 >(*.%(@U%(@OHS9D
0106 070)7130 3023 1024 0141 3024 4550 0023 2032 9XXSHTA!XT%(@SPZ
0106 100)4547 1152 3365 4553 0023 5310 2032 4543 %'I*[5%+@S+HPZ%#
0106 110)2024 4547 4435 4550 0023 4547 7626 1775 PT%'$]%(@S%'>VO=
0106 120)1365 3365 4553 0023 4555 6170 4575 5306 K5[5%+@S%-18%=+F
0106 130)1024 0141 3024 4547 4435 1365 4774 4555 HTA!XT%'$]K5'<%-
0106 140)6170 4553 0017 4553 0025 5552 0000 2110 18%+@O%+@U-*@@QH
0106 150)5353 1111 5363 7340 3110 1413 3111 1111 ++II+3; YHLKYIII
0106 160)7012 7012 7012 0134 5746 0000 0000 0000 8J8J8JA\/&@@@@@@
0106 170)0000 0000 0000 5633 6477 7604 1134 5600 @@@@@@.[4?>DI\.@

0107 000)4777 4547 2611 4267 4546 4567 4557 4547 '?%'VI"7%&%7%/%'
0107 010)2611 4267 3302 4551 3301 4553 6170 1376 VI"7[B%)[A%+18K>
0107 020)3014 3107 1301 7041 7110 1014 3013 7430 XLYGKA8!9HHLXK<X
0107 030)7240 3110 7430 1413 3111 7340 1302 3302 : YH<XLKYI; KB[B
0107 040)1302 1301 7041 1136 7740 5206 1136 3031 KBKA8!I^? *FI^XY
0107 050)4775 4303 2031 7410 5263 2302 5250 1134 '=#CPY<H*3SB*(I\
0107 060)4303 2031 5257 2031 2015 5666 7745 0000 #CPY*/PYPM.6?%@@
0107 070)4522 7570 5206 7041 1124 7550 5206 1136 %R=8*F8!IT=(*FI^
0107 100)5667 0000 0000 0000 2107 5311 1112 3414 .7@@@@@@QG+IIJ\L
0107 110)5703 4561 0141 3112 7340 3107 5703 4777 /C%1A!YJ; YG/C'?
0107 120)4547 2611 1031 7450 5206 3032 1136 3302 %'VIHY<(*FXZI^[B
0107 130)3267 4553 6170 4407 7774 0000 1376 3013 Z7%+18$G?<@@K>XK
0107 140)3110 1376 3014 3107 4775 3301 1301 7001 YHK>XLYG'=[AKA8A
0107 150)0141 7640 5360 1301 4303 2302 5344 5263 A!> +0KA#CSB+$*3
0107 160)1267 7650 5365 1301 5354 1373 3013 3110 J7>(+5KA+,K;XKYH
0107 170)2267 5344 6152 1363 1364 6146 6167 5337 R7+$1*K3K41&17+_

0110 000)0000 7440 5205 7340 1025 3013 7340 1600 @@< *E; HUXK; N@
0110 010)3014 7346 3112 1414 4560 3413 6201 2112 XL;&YJLL%0\K2AQJ
0110 020)5213 2200 5600 0000 1377 1026 7650 2223 *KR@.@@@K?HV>(RS
0110 030)5623 0000 1231 3223 1376 5225 0000 1375 .S@@JYZSK>*U@@K=
0110 040)1026 7440 1374 7650 2236 1236 5233 3111 HV< K<>(R^J^*[YI
0110 050)7346 3107 7360 1121 3013 1413 1373 7430 ;&YG;0IQXKLKK;<X
0110 060)5272 2111 0134 7001 0141 7640 5272 2111 *:QIA\8AA!> *:QI
0110 070)2107 5255 7200 3031 1111 4277 5552 0000 QG*-:@XYII"?-*@@
0110 100)3107 1372 3013 6211 3413 3413 1371 3413 YGK:XK2I\K\KK9\K
0110 110)3413 1107 3413 3413 4407 6010 7521 0000 \KIG\K\K$G0H=Q@@
0110 120)5677 4553 6170 3032 4550 0017 4543 4575 .?%+18XZ%(@O%#%=
0110 130)5326 4566 5321 4553 0017 4543 4571 7001 +V%6+Q%+@O%#%98A
0110 140)5552 0000 7450 1026 3112 1341 4546 1112 -*@@<(HVYJK!%&IJ
0110 150)4546 1112 4672 4551 1376 7640 5552 1131 %&IJ&:%)K>> -*IY
0110 160)3112 5347 4770 1367 3102 5766 7334 2463 YJ+''8K7YB/6;\T3
0110 170)6602 0217 0041 0100 7713 7731 7763 7724 6BBO@!A@?K?Y?3?T

0111 000)7000 7000 0000 6212 4777 3601 1201 7001 8@8@@@2J'?^AJA8A
0111 010)0376 3201 1200 7140 1201 0124 7650 5225 C>ZAJ@9 JAAT>(*U
0111 020)1202 3022 1517 4775 1000 6001 5602 0000 JBXRMO'=H@0A.B@@
0111 030)1102 1374 7640 5627 3600 1200 7001 0376 IBK<> .W^@J@8AC>
0111 040)3200 1600 7450 5627 1120 3112 6002 1512 Z@N@<(.WIPYJ0BMJ
0111 050)0373 3512 6001 5627 0000 7300 2074 5303 C;]J0A.W@@;@P<+C
0111 060)7344 1073 3073 7346 3074 6211 1473 2073 ;$H;X;;&X<2IL;P;
0111 070)0340 7106 7006 3026 1473 0372 1026 7006 C 9F8FXVL;C:HV8F
0111 100)7006 7004 5337 1073 0125 7640 5335 1072 8F8D+_H;AU> +]H:
0111 110)1371 3073 1254 4546 4202 1073 3325 1075 K9X;J,%&"BH;[UH=
0111 120)3327 2075 7201 6212 4770 0000 7600 0000 [WP=:A2J'8@@>@@@
0111 130)4227 4551 3254 7344 3074 6211 1473 2073 "W%)Z,;$X<2IL;P;
0111 140)7400 6201 0125 7440 1132 7440 1367 7450 <@2AAU< IZ< K7<(
0111 150)5255 1366 7440 5360 2254 3075 1365 3066 *-K6< +0R,X=K5X6
0111 160)1364 3026 5654 0007 0032 3714 7762 7776 K4XV.,@G@Z_L?2?>
0111 170)3200 0200 7400 6777 7311 5600 7607 3560 Z@B@<@7?;I.@>G]0

0112 000)0000 0000 0000 0000 0000 0000 0000 0000 @@@@@@@@@@@@@@@@
0112 010)0000 4777 4547 2612 1026 4546 4550 0017 @@'?%'VJHV%&%(@O
0112 020)7240 4546 4550 6170 1015 3017 3021 4543 : %&%(18HMXOXQ%#
0112 030)6213 4776 1015 1375 3015 4553 0017 4551 2K'>HMK=XM%+@O%)
0112 040)3026 5610 4774 1141 4210 1131 4571 7650 XV.H'<I!"HIY%9>(
0112 050)4557 4571 1373 7450 5335 1372 7640 5250 %/%9K;<(+]K:> *(
0112 060)4567 5322 4547 2611 4522 7570 4557 3101 %7+R%'VI%R=8%/YA
0112 070)1036 7640 1101 1141 7750 4575 5266 1141 H^> IAI!?(%=*6I!
0112 100)4777 1101 6213 4771 4557 6211 1770 7104 '?IA2K'9%/2IO89D
0112 110)3100 7346 3077 1072 3076 1101 7104 7040 Y@;&X?H:X>IA9D8 
0112 120)3101 5347 1131 5267 1067 1367 7650 5766 YA+'IY*7H7K7>(/6
0112 130)4547 7414 4765 4764 5766 4575 5250 6213 %'<L'5'4/6%=*(2K
0112 140)4763 6211 1770 7104 3075 3074 3073 6201 '32IO89DX=X<X;2A
0112 150)4764 5552 4575 4557 3037 1123 3043 5552 '4-*%=%/X_ISX#-*
0112 160)4557 1256 7406 2755 6627 1366 0467 0371 %/J.<FW-6WK6D7C9
0112 170)0061 2600 0021 0005 6602 0004 0067 7534 @1V@@Q@E6B@D@7=\

0113 000)0000 6211 2077 5244 3112 7344 1076 3076 @@2IP?*$YJ;$H>X>
0113 010)4251 4251 6201 7346 3077 1076 0125 7640 ")")2A;&X?H>AU> 
0113 020)5600 2101 5225 3100 4557 1072 3076 4777 .@QA*UY@%/H:X>'?
0113 030)1072 3237 1100 3241 2100 6212 4776 0000 H:Z_I@Z!Q@2J'>@@
0113 040)7600 0000 4775 5600 0125 3476 2076 6201 >@@@'=.@AU\>P>2A
0113 050)5600 0000 1112 7106 7006 3112 1112 0374 .@@@IJ9F8FYJIJC<
0113 060)1476 3476 2076 5651 0000 1264 4546 1373 L>\>P>.)@@J4%&K;
0113 070)1072 7141 1076 7620 5552 7330 4467 1072 H:9!H>>P-*;X$7H:
0113 100)7041 1076 7640 5275 5552 0000 1305 4546 8!H>> *=-*@@KE%&
0113 110)1136 5267 1026 1372 7640 5321 4543 1137 I^*7HVK:> +Q%#I_
0113 120)7410 1036 4546 4547 5741 4777 4551 1371 <HH^%&%'/!'?%)K9
0113 130)6213 3770 4767 7410 4766 4765 4547 7137 2K_8'7<H'6'5%'9_
0113 140)4560 3457 7326 1057 3054 1364 3066 5763 %0\/;VH/X,K4X6/3
0113 150)0000 1362 3067 1361 3070 1360 3071 5750 @@K2X7K1X8K0X9/(
0113 160)7305 7264 6541 0475 6654 4240 7010 0067 ;E:45!D=6," 8H@7
0113 170)0066 0560 7734 0176 7400 6627 3200 6602 @6E0?\A><@6WZ@6B

0114 000)0000 1104 1200 3103 1200 3104 5552 0000 @@IDJ@YCJ@YD-*@@
0114 010)6002 4556 6001 5607 1100 7650 5777 4776 0B%.0A.GI@>(/?'>
0114 020)1375 4467 1072 7041 1076 7640 5220 3100 K=$7H:8!H>> *PY@
0114 030)5552 2102 4774 6211 1063 3773 1064 3772 -*QB'<2IH3_;H4_:
0114 040)1065 3771 1036 1370 3767 6201 3101 1057 H5_9H^K8_72AYAH/
0114 050)7041 1054 7110 2101 1366 7500 5253 7300 8!H,9HQAK6=@*+;@
0114 060)4547 7101 3034 4776 5765 7330 3062 4547 %'9AX\'>/5;XX2%'
0114 070)5741 4774 6213 4764 1062 7640 1141 4334 /!'<2K'4H2> I!#\
0114 100)6213 4763 4762 5761 7330 3062 1131 4467 2K'3'2/1;XX2IY$7
0114 110)4774 1062 7640 1141 4334 6213 4760 4471 '<H2> I!#\2K'0$9
0114 120)6213 4757 5317 5302 2032 4543 4544 5473 2K'/+O+BPZ%#%$,;
0114 130)6215 4470 4467 5325 0000 1370 3107 1026 2M$8$7+U@@K8YGHV
0114 140)1356 7650 5351 1036 6211 1107 3767 6201 K.>(+)H^2IIG_72A
0114 150)5734 4543 1137 5344 5357 1117 7734 3123 /\%#I_+$+/IO?\YS
0114 160)3530 0467 6627 2600 0067 2251 7654 0066 ]XD76WV@@7R)>,@6
0114 170)0560 0017 0016 0015 6602 0232 7350 1145 E0@O@N@M6BBZ;(I%

0115 000)0000 1042 7710 1377 1145 4423 1047 7640 @@H"?HK?I%$SH'> 
0115 010)5214 1376 4423 5300 4775 1374 3006 1373 *LK>$S+@'=K<XFK;
0115 020)3010 5226 1047 0172 3047 4772 1047 7106 XH*VH'A:X'':H'9F
0115 030)7006 7006 0371 1376 3410 2006 5222 1373 8F8FC9K>\HPF*RK;
0115 040)3010 7326 1773 7450 5302 7510 5252 1370 XH;VO;<(+B=H**K8
0115 050)7710 5306 7200 1410 4423 1367 4423 1147 ?H+F:@LH$SK7$SI'
0115 060)3006 1410 4423 2006 5261 1366 4423 1773 XFLH$SPF*1K6$SO;
0115 070)7710 7326 1365 4423 1773 7510 7041 2200 ?H;VK5$SO;=H8!R@
0115 100)6203 5600 1367 4423 1376 4423 1374 3006 2C.@K7$SK>$SK<XF
0115 110)1364 3056 1456 1151 7640 5322 2006 7340 K4X.L.I)> +RPF; 
0115 120)1056 5311 1773 1006 7710 5331 1773 7040 H.+IO;HF?H+YO;8 
0115 130)3006 7344 7040 1773 7440 5340 1367 4423 XF;$8 O;< + K7$S
0115 140)3773 1410 4423 2006 5332 5300 2045 0000 _;LH$SPF+Z+@P%@@
0115 150)0000 2230 2206 2222 2222 2213 2212 2210 @@RXRFRRRRRKRJRH
0115 160)0574 2552 1413 2017 1533 0053 0105 0056 E<U*LKPOM[@+AE@.
0115 170)7770 0017 0752 1524 7771 1400 0060 0015 ?8@OG*MT?9L@@0@M
