
0000 000)7772 6223 0200 0000 0000 2720 7000 0220 ?:2SB@@@@@WP8@BP
0000 010)7400 0220 0000 2610 7400 0110 0000 3700 <@BP@@VH<@AH@@_@
0000 020)0002 1062 1076 7440 1476 7457 1052 5023 @BH2H>< L></H*(S
0000 030)2065 1300 1400 1152 1062 7012 1464 3451 P5K@L@I*H28JL4\)
0000 040)1553 6040 0017 7474 1474 6017 0017 7474 M+0 @O<<L<0O@O<<
0000 050)1474 6017 2017 1320 0400 1524 2413 2450 L<0OPOKPD@MTTKT(
0000 060)1450 4077 0125 6071 1011 1155 4200 0200 L( ?AU09HII-"@B@
0000 070)4200 0200 4600 5200 0000 0000 0000 0000 "@B@&@*@@@@@@@@@
0000 100)0000 0000 0000 0000 0000 0000 0000 0000 @@@@@@@@@@@@@@@@
0000 110)0000 0000 0000 0000 0000 0000 0000 0000 @@@@@@@@@@@@@@@@
0000 120)0000 0000 0000 0000 0000 0000 0000 0000 @@@@@@@@@@@@@@@@
0000 130)0000 0000 0000 0000 0000 0000 0000 0000 @@@@@@@@@@@@@@@@
0000 140)0000 0000 0000 0000 0000 0000 0000 0000 @@@@@@@@@@@@@@@@
0000 150)0000 0000 0000 0000 0000 0000 0000 0000 @@@@@@@@@@@@@@@@
0000 160)0000 0000 0000 0000 0000 0000 0000 0000 @@@@@@@@@@@@@@@@
0000 170)0000 0000 0000 0000 0000 0000 0000 0000 @@@@@@@@@@@@@@@@

0001 000)0000 0000 0000 0000 0000 0000 0000 0000 @@@@@@@@@@@@@@@@
0001 010)0000 0000 0000 0000 0000 0000 0000 0000 @@@@@@@@@@@@@@@@
0001 020)0000 0000 0000 0000 0000 0000 0000 0000 @@@@@@@@@@@@@@@@
0001 030)0000 0000 0000 0000 0000 0000 0000 0000 @@@@@@@@@@@@@@@@
0001 040)0000 0000 0000 0000 0000 0000 0000 0000 @@@@@@@@@@@@@@@@
0001 050)0000 0000 0000 0000 0000 0000 0000 0000 @@@@@@@@@@@@@@@@
0001 060)0000 0000 0000 0000 0000 0000 0000 0000 @@@@@@@@@@@@@@@@
0001 070)0000 0000 0000 0000 0000 0000 0000 0000 @@@@@@@@@@@@@@@@
0001 100)0000 0000 0000 0000 0000 0000 0000 0000 @@@@@@@@@@@@@@@@
0001 110)0000 0000 0000 0000 0000 0000 0000 0000 @@@@@@@@@@@@@@@@
0001 120)0000 0000 0000 0000 0000 0000 0000 0000 @@@@@@@@@@@@@@@@
0001 130)0000 0000 0000 0000 0000 0000 0000 0000 @@@@@@@@@@@@@@@@
0001 140)0000 0000 0000 0000 0000 0000 0000 0000 @@@@@@@@@@@@@@@@
0001 150)0000 0000 0000 0000 0000 0000 0000 0000 @@@@@@@@@@@@@@@@
0001 160)0000 0000 0000 0000 0000 0000 0000 0000 @@@@@@@@@@@@@@@@
0001 170)0000 0000 0000 0000 0000 0000 0000 0000 @@@@@@@@@@@@@@@@

0002 000)7777 6213 3000 6003 2000 2410 1431 0006 ??2KX@0CP@THLY@F
0002 010)0423 1076 1476 1421 0060 7400 1477 7060 DSH>L>LQ@0<@L?80
0002 020)2600 0000 0000 0000 0000 0000 0000 0000 V@@@@@@@@@@@@@@@
0002 030)0000 0000 0000 0000 0000 1377 3030 1376 @@@@@@@@@@K?XXK>
0002 040)3031 5030 0000 0000 0000 0000 0000 0000 XY(X@@@@@@@@@@@@
0002 050)0000 0000 0000 0000 0000 5031 6743 1772 @@@@@@@@@@(Y7#O:
0002 060)3771 2371 2372 5356 5350 0000 0000 0000 _9S9S:+.+(@@@@@@
0002 070)0000 0000 7750 7773 7600 6603 6622 5352 @@@@?(?;>@6C6R+*
0002 100)5752 6774 1377 3354 1376 3355 1375 6766 /*7<K?[,K>[-K=76
0002 110)6771 5365 1374 6766 6771 5371 5200 0220 79+5K<7679+9*@BP
0002 120)0600 7577 7700 3400 0064 0077 0047 0063 F@=??@\@@4@?@'@3
0002 130)0405 2410 1413 7062 0450 5020 0056 0053 DETHLK82D((P@.@+
0002 140)1000 5432 1417 7061 1450 0057 1412 7053 H@,ZLO81L(@/LJ8+
0002 150)1050 7447 0056 0065 0000 0032 0413 4056 H(<'@.@5@@@ZDK .
0002 160)0030 4462 1447 7464 0000 6053 1062 3002 @X$2L'<4@@0+H2XB
0002 170)0000 4002 0014 0000 1001 6457 0030 7407 @@ B@L@@HA4/@X<G

0003 000)7000 6032 4777 6211 1776 0375 1374 7510 8@0Z'?2IO>C=K<=H
0003 010)5220 5334 5231 1373 7510 5225 7650 5230 *P+\*YK;=H*U>(*X
0003 020)7200 6221 4772 4207 5771 7200 5227 7001 :@2Q':"G/9:@*W8A
0003 030)7001 7001 1370 3034 6221 1434 3034 4772 8A8AK8X\2QL\X\':
0003 040)4241 4772 4253 4772 4256 5771 0035 0101 "!':"+':"./9@]AA
0003 050)0057 4772 4655 4772 4711 6203 5767 4772 @/':&-':'I2C/7':
0003 060)4723 5253 6212 4766 0001 2331 2300 4001 'S*+2J'6@ASYS@ A
0003 070)5257 1266 6212 4766 0002 0306 0000 5257 */J62J'6@BCF@@*/
0003 100)1275 3305 6212 4766 0006 0000 0504 2562 J=[E2J'6@F@@EDU2
0003 110)6500 2326 0000 1712 2312 3317 4772 0000 5@SV@@OJSJ[O':@@
0003 120)4765 1364 7450 5332 1363 7650 5333 4772 '5K4<(+ZK3>(+[':
0003 130)4303 5316 2312 5712 1345 7510 5225 7450 #C+NSJ/JK%=H*U<(
0003 140)5230 1346 7650 5231 5220 7700 7730 5030 *XK&>(*Y*P?@?X(X
0003 150)1431 6027 0052 0031 0000 0433 0062 7411 LY0W@*@Y@@D[@2<I
0003 160)1074 0076 0053 0013 7447 1014 7700 7605 H<@>@+@K<'HL?@>E
0003 170)0245 0400 1032 7670 7720 0770 7760 5400 B%D@HZ>8?PG8?0,@

0004 000)6201 1777 3776 6211 1732 7001 7110 3732 2AO?_>2IOZ8A9H_Z
0004 010)2332 2333 5204 1375 3334 1374 3335 4313 SZS[*DK=[\K<[]#K
0004 020)1373 3335 4313 6221 6032 1372 3330 1371 K;[]#K2Q0ZK:[XK9
0004 030)3331 1370 3730 2330 2331 5231 4767 3504 [YK8_XSXSY*Y'7]D
0004 040)4767 4331 4766 1365 7540 5764 1363 7550 '7#Y'6K5= /4K3=(
0004 050)5764 7041 3024 5762 1336 1031 3031 6221 /48!XT/2K^HYXY2Q
0004 060)1024 7001 7650 5266 4761 4347 7340 3026 HT8A>(*6'1#'; XV
0004 070)1026 7650 5760 1372 3330 1024 3331 1357 HV>(/0K:[XHT[YK/
0004 100)3327 2331 5304 5756 1327 3730 2330 1327 [WSY+D/.KW_XSXKW
0004 110)1355 3327 5301 0000 7346 3331 6221 1734 K-[W+A@@;&[Y2QO\
0004 120)2334 6201 3735 2335 2331 5316 5713 0400 S\2A_]S]SY+N/KD@
0004 130)0000 0000 3751 7702 0000 0000 0000 1370 @@@@_)?B@@@@@@K8
0004 140)3346 1422 7450 5735 4710 0001 0000 7402 [&LR<(/]'H@A@@<B
0004 150)1422 0367 7440 1366 7132 0020 0600 0410 LRC7< K69Z@PF@DH
0004 160)1261 0312 0670 0010 1011 7510 1014 1032 J1CJF8@HHI=HHLHZ
0004 170)0120 7771 3125 5310 0205 1000 5405 2707 AP?9YU+HBEH@,EWG

0005 000)1024 7001 7650 5777 4776 4402 7410 5777 HT8A>(/?'>$B<H/?
0005 010)1024 3232 1375 3231 1374 3773 2232 7410 HTZZK=ZYK<_;RZ<H
0005 020)5777 4233 4365 1030 1372 3631 2231 2773 /?"[#5HXK:^YRYW;
0005 030)5216 0000 0000 0000 1633 2233 3240 4771 *N@@@@@@N[R[Z '9
0005 040)0000 4770 1367 7540 5766 1365 7510 5766 @@'8K7= /6K5=H/6
0005 050)7106 7006 7006 3030 4770 1367 7540 5766 9F8F8FXX'8K7= /6
0005 060)1365 7510 5766 7106 7004 1030 3030 5633 K5=H/69F8DHXXX.[
0005 070)7301 3031 1364 3302 1305 6201 3763 6211 ;AXYK4[BKE2A_32I
0005 100)1305 3763 0000 1362 3763 7000 1763 7410 KE_3@@K2_38@O3<H
0005 110)7402 6211 1763 7640 5761 1362 6201 1763 <B2IO3> /1K22AO3
0005 120)7640 5761 2031 1302 1372 3302 5302 5355 > /1PYKBK:[B+B+-
0005 130)4770 7710 1364 1363 0762 7640 5326 1762 '8?HK4K3G2> +VO2
0005 140)1361 7450 5346 1360 4247 5355 1601 4775 K1<(+&K0"'+-NA'=
0005 150)0004 7601 0000 7410 2310 6213 5710 5364 @D>A@@<HSH2K/H+4
0005 160)4000 0454 1000 0000 6221 0007 1006 7511  @D,H@@@2Q@GHF=I
0005 170)1014 1032 0010 4372 4361 3125 0312 1200 HLHZ@H#:#1YUCJJ@

0006 000)6202 1121 3120 1326 7104 1325 4232 4303 2BIQYPKV9DKU"Z#C
0006 010)5777 4232 4303 5776 0000 6031 5215 6036 /?"Z#C/>@@0Y*M0^
0006 020)1375 7450 5774 1373 6046 6041 5225 0372 K=<(/<K;0&0!*UC:
0006 030)1371 5614 0000 7200 1632 3300 2232 1700 K9.L@@:@NZ[@RZO@
0006 040)7112 7012 7012 4250 1700 4250 2300 5237 9J8J8J"(O@"(S@*_
0006 050)0000 0370 7450 5632 1367 7450 5274 7510 @@C8<(.ZK7<(*<=H
0006 060)1366 1365 4264 5650 0000 6046 7200 6041 K6K5"4.(@@0&:@0!
0006 070)5267 6031 5664 5632 1364 4264 1363 5262 *70Y.4.ZK4"4K3*2
0006 100)0000 0370 1367 3265 1665 7402 5673 0000 @@C8K7Z5N5<B.;@@
0006 110)1366 6034 1365 7650 6031 5707 6203 5771 K60\K5>(0Y/G2C/9
0006 120)0000 3307 1026 7640 5764 1307 7710 1763 @@[GHV> /4KG?HO3
0006 130)0362 7640 5720 1720 1320 3320 1307 5720 C2> /POPKP[PKG/P
0006 140)3027 1771 7640 5761 3350 4766 0012 5524 XWO9> /1[('6@J-T
0006 150)0000 0000 5760 1350 3771 5761 5737 7773 @@@@/0K(_9/1/_?;
0006 160)3023 4000 0040 0212 0215 0237 0100 7741 XS @@ BJBMB_A@?!
0006 170)0077 0200 0177 0203 0262 7575 0440 0637 @?B@A?BCB2==D F_

0007 000)4224 4777 4626 5257 5210 4777 4622 5257 "T'?&V*/*H'?&R*/
0007 010)4776 4646 1030 1375 4216 5205 0000 3432 '>&&HXK="N*E@@\Z
0007 020)7340 1032 3032 5616 0000 7303 1374 7640 ; HZXZ.N@@;CK<> 
0007 030)5773 1372 3032 1024 3027 1371 3021 1421 /;K:XZHTXWK9XQLQ
0007 040)1370 4216 2021 2027 5237 1032 3033 7301 K8"NPQPW*_HZX[;A
0007 050)1032 3023 1247 4216 1367 4216 5624 1366 HZXSJ'"NK7"N.TK6
0007 060)3432 1024 7001 7650 5765 4777 4554 5764 \ZHT8A>(/5'?%,/4
0007 070)5765 1357 7420 3763 7430 2023 7172 7012 /5K/<P_3<XPS9:8J
0007 100)7012 1356 3306 4755 6202 4637 0000 0000 8JK.[F'-2B&_@@@@
0007 110)0000 4754 0011 1310 1357 3310 7330 1306 @@',@IKHK/[H;XKF
0007 120)4753 5771 5256 2023 7710 5340 1352 3021 '+/9*.PS?H+ K*XQ
0007 130)6201 1421 7640 5343 7340 1021 7430 5327 2ALQ> +#; HQ<X+W
0007 140)7600 4751 0004 6211 1021 7130 0340 1372 >@')@D2IHQ9XC K:
0007 150)5320 3517 6377 2247 2520 2507 3201 0015 +P]O3?R'UPUGZA@M
0007 160)2053 2146 2352 2001 1403 3000 7200 5366 P+Q&S*PALCX@:@+6
0007 170)5775 3124 7754 1261 7700 6005 0633 0312 /=YT?,J1?@0EF[CJ

0010 000)6221 4777 4524 6221 1024 3027 1376 3020 2Q'?%T2QHTXWK>XP
0010 010)1031 7001 3025 7340 1025 7550 5200 3025 HY8AXU; HU=(*@XU
0010 020)4777 4427 1375 1025 6046 7200 6041 5226 '?$WK=HU0&:@0!*V
0010 030)7344 1025 7510 5774 7650 1024 1373 3030 ;$HU=H/<>(HTK;XX
0010 040)4777 4433 1030 4772 4777 4441 4771 1370 '?$[HX':'?$!'9K8
0010 050)7540 5345 1367 7550 5345 3420 1024 1420 = +%K7=(+%\PHTLP
0010 060)7740 5345 2020 1025 3420 2020 4777 4475 ? +%PPHU\PPP'?$=
0010 070)3022 4771 1366 7450 5314 1365 7540 5342 XR'9K6<(+LK5= +"
0010 100)1364 7510 5342 3023 1022 7104 7006 1022 K4=H+"XSHR9D8FHR
0010 110)1022 1023 3022 5271 1022 7570 5342 7041 HRHSXR*9HR=8+"8!
0010 120)1030 7510 5200 3030 1022 2027 7410 5350 HX=H*@XXHRPW<H+(
0010 130)3420 2020 1030 7640 5240 7340 1025 7750 \PPPHX> * ; HU?(
0010 140)5200 5213 4777 4303 5266 4777 4303 5240 *@*K'?#C*6'?#C* 
0010 150)1030 3420 2020 5763 6001 3401 0400 7643 HX\PPP/30A\AD@>#
0010 160)3435 7645 5200 1600 0011 7724 7563 0010 \]>%*@N@@I?T=3@H
0010 170)7510 1014 2324 0020 2117 0060 2600 1032 =HHLST@PQO@0V@HZ

0011 000)7303 1377 7640 5253 1026 7650 5255 6201 ;CK?> *+HV>(*-2A
0011 010)1033 3651 1032 3652 6221 1246 7640 5256 H[^)HZ^*2QJ&> *.
0011 020)2246 2245 1644 3645 2244 5221 6201 1376 R&R%N$^%R$*Q2AK>
0011 030)3647 2247 1375 3647 1376 3650 2250 1374 ^'R'K=^'K>^(R(K<
0011 040)3650 6221 1032 5255 7755 7754 0000 5310 ^(2QHZ*-?-?,@@+H
0011 050)0205 0207 5312 6211 3773 3032 6221 1372 BEBG+J2I_;XZ2QK:
0011 060)3020 1371 1372 3021 1024 3027 3030 1020 XPK9K:XQHTXWXXHP
0011 070)7001 3022 1021 7001 3023 2027 7410 5331 8AXRHQ8AXSPW<H+Y
0011 100)1422 7041 1423 7750 5322 7346 3030 1420 LR8!LS?(+R;&XXLP
0011 110)3335 1421 3420 1335 3421 2020 2021 2030 []LQ\PK]\QPPPQPX
0011 120)5307 2030 7326 1022 3020 7326 1023 3021 +GPX;VHRXP;VHSXQ
0011 130)5267 1030 7640 5256 5770 0000 5240 0000 *7HX> *./8@@* @@
0011 140)0000 4753 7700 5740 4767 0005 5734 0001 @@'+?@/ '7@E/\@A
0011 150)0000 0000 5307 2200 7540 7643 7767 0212 @@@@+GR@= >#?7BJ
0011 160)7773 3004 7774 3113 0007 0240 3131 3517 ?;XD?<YK@GB YY]O
0011 170)2000 0003 2600 4607 5607 5712 6222 7700 P@@CV@&G.G/J2R?@

0012 000)1377 3022 1376 3020 1024 3027 7340 3304 K?XRK>XPHTXW; [D
0012 010)1775 3025 3303 1420 2020 3422 2022 1420 O=XU[CLPPP\RPRLP
0012 020)7041 1025 7640 5305 2020 1025 7104 7006 8!HU> +EPPHU9D8F
0012 030)1374 3422 2022 1420 2020 7041 3030 1373 K<\RPRLPPP8!XXK;
0012 040)2030 5237 3030 7344 1025 7640 5254 2304 PX*_XX;$HU> *,SD
0012 050)5254 7344 1032 5256 7344 1303 3422 2022 *,;$HZ*.;$KC\RPR
0012 060)1030 7041 1303 3303 1303 3422 2022 2027 HX8!KC[CKC\RPRPW
0012 070)5213 7340 1025 7640 5772 7340 1022 3303 *K; HU> /:; HR[C
0012 100)4327 3703 5772 0000 0000 1020 3025 7340 #W_C/:@@@@HPXU; 
0012 110)1020 3020 7340 1022 3022 1425 5211 4327 HPXP; HRXRLU*I#W
0012 120)7041 0371 7104 7006 7006 3030 5770 0000 8!C99D8F8FXX/8@@
0012 130)7200 1024 3030 1367 2030 5333 1366 5727 :@HTXXK7PX+[K6/W
0012 140)3020 4753 5752 2020 5341 5731 3301 7772 XP'+/*PP+!/Y[A?:
0012 150)7774 7764 6535 2410 7760 3023 4600 4737 ?<?45]TH?0XS&@'_
0012 160)5664 7646 6204 5273 6206 0026 5400 0074 .4>&2D*;2F@V,@@<
0012 170)1440 7400 2200 0400 6201 2601 2600 4000 L <@R@D@2AVAV@ @

0013 000)1377 3020 3030 1024 3027 1376 1377 3022 K?XPXXHTXWK>K?XR
0013 010)2027 7410 5246 1420 7041 1422 7450 5775 PW<H*&LP8!LR<(/=
0013 020)7700 5240 1374 3030 1420 3021 1422 3420 ?@* K<XXLPXQLR\P
0013 030)1021 3422 2020 2022 2030 5224 2030 1374 HQ\RPPPRPX*TPXK<
0013 040)1022 3020 1376 1020 3022 5210 1030 7640 HRXPK>HPXR*HHX> 
0013 050)5200 1377 3020 1024 3027 7001 1377 3022 *@K?XPHTXW8AK?XR
0013 060)7346 3030 1422 3420 2020 2022 2030 5262 ;&XXLR\PPPPRPX*2
0013 070)2022 2027 5260 4773 4602 5772 4771 4512 PRPW*0';&B/:'9%J
0013 100)6211 1721 6201 3722 2321 2322 2323 5300 2IOQ2A_RSQSRSS+@
0013 110)6221 1434 2034 6201 3720 2320 5310 5770 2QL\P\2A_PSP+H/8
0013 120)7756 7400 7600 7622 0000 3360 1367 3356 ?.<@>@>R@@[0K7[.
0013 130)3357 5334 2357 3360 1360 1356 7500 5332 [/+\S/[0K0K.=@+Z
0013 140)7200 1366 1357 6046 6041 5344 6032 2356 :@K6K/0&0!+$0ZS.
0013 150)7410 5724 7340 3356 3357 5334 0000 0000 <H/T; [.[/+\@@@@
0013 160)0000 5766 2334 5734 2026 5362 0060 7766 @@/6S\/\PV+2@0?6
0013 170)2400 1032 0262 0312 7774 1400 0004 4000 T@HZB2CJ?<L@@D @

0014 000)6221 1031 3777 6201 1776 1024 3776 1776 2QHY_?2AO>HT_>O>
0014 010)7041 3775 1024 3774 1373 3030 1372 3020 8!_=HT_<K;XXK:XP
0014 020)7340 1024 3306 1350 3027 6221 1430 2030 ; HT[FK(XW2QLXPX
0014 030)6201 2306 5236 7240 3306 1371 1370 3420 2ASF*^: [FK9K8\P
0014 040)2020 2027 5225 6201 1024 3030 2030 7410 PPPW*U2AHTXXPX<H
0014 050)5253 7130 5246 1367 3766 6221 1026 7650 *+9X*&K7_62QHV>(
0014 060)5273 6201 3765 3764 3763 3762 3761 3760 *;2A_5_4_3_2_1_0
0014 070)6211 3757 5756 1355 6117 7301 6115 7200 2I_//.K-1O;A1M:@
0014 100)6211 1354 3753 1352 3751 5756 0000 1742 2IK,_+K*_)/.@@O"
0014 110)7450 5336 7100 1250 7420 5321 3250 2270 <(+^9@J(<P+QZ(R8
0014 120)5307 7200 1270 1020 7450 5334 1357 4270 +G:@J8HP<(+\K/"8
0014 130)7330 3020 2342 5306 4270 5332 1250 1357 ;XXPS"+F"8+ZJ(K/
0014 140)4270 5701 0000 1356 4762 5761 1255 4762 "8/A@@K.'2/1J-'2
0014 150)7770 4613 6126 4607 6046 0017 3600 4612 ?8&K1V&G0&@O^@&J
0014 160)5266 5265 5245 5237 3424 3432 5335 0010 *6*5*%*_\T\Z+]@H
0014 170)6006 1411 5337 3124 5334 0120 0230 7247 0FLI+_YT+\APBX:'

0015 000)0000 5776 7200 3035 1375 3010 6201 1410 @@/>:@X]K=XH2ALH
0015 010)3030 1030 7100 1374 7620 4773 0011 1410 XXHX9@K<>P';@ILH
0015 020)3025 1410 3031 2010 1410 3032 6201 1410 XULHXYPHLHXZ2ALH
0015 030)7450 5325 3264 1410 3265 1410 3266 1410 <(+UZ4LHZ5LHZ6LH
0015 040)3275 1410 3033 1032 7040 1010 3010 1410 Z=LHX[HZ8 HHXHLH
0015 050)7450 5312 7041 3024 6211 1421 7141 1025 <(+J8!XT2ILQ9!HU
0015 060)7620 5311 7346 4772 0000 0000 0000 1275 >P+I;&':@@@@@@J=
0015 070)7650 1371 1370 4767 4772 0000 1027 0374 >(K9K8'7':@@HWC<
0015 100)7640 5310 1024 4766 1032 7640 1033 4765 > +HHT'6HZ> H['5
0015 110)4764 1024 1025 3025 2030 5226 1031 7650 '4HTHUXUPX*VHY>(
0015 120)5352 1010 0363 1362 5205 1410 7041 3024 +*HHC3K2*ELH8!XT
0015 130)6211 1024 1035 3035 1027 0361 7650 5311 2IHTH]X]HWC1>(+I
0015 140)1360 4772 7405 1520 2431 7600 4767 1024 K0':<EMPTY>@'7HT
0015 150)4766 5310 2021 1035 4757 5200 0000 2617 '6+HPQH]'/*@@@VO
0015 160)7774 0200 0377 7400 4142 4650 4101 4070 ?<B@C?<@!"&(!A 8
0015 170)0056 7762 4050 3517 0100 2777 3132 2014 @.?2 (]OA@W?YZPL

0016 000)7340 1031 7106 7004 1024 1377 3030 1430 ; HY9F8DHTK?XXLX
0016 010)3030 1376 3020 1024 3027 1430 7106 7006 XXK>XPHTXWLX9F8F
0016 020)0375 7001 3420 2020 1430 7112 7012 7012 C=8A\PPPLX9J8J8J
0016 030)0375 3420 2020 1430 0374 7001 3420 2030 C=\PPPLXC<8A\PPX
0016 040)2020 2027 5215 5773 3424 3352 3306 3250 PPPW*M/;\T[*[FZ(
0016 050)3224 3210 3202 3200 3434 3361 3314 3255 ZTZHZBZ@\\[1[LZ-
0016 060)3230 3213 3204 3201 3444 3370 3322 3262 ZXZKZDZA\$[8[RZ2
0016 070)3234 3216 3206 3201 3454 3377 3330 3267 Z\ZNZFZA\,[?[XZ7
0016 100)3240 3221 3206 3201 3464 3406 3336 3274 Z ZQZFZA\4\F[^Z<
0016 110)3244 3221 3206 3201 3474 3415 3344 3301 Z$ZQZFZA\<\M[$[A
0016 120)3244 3221 3206 3201 0040 0120 0120 0120 Z$ZQZFZA@ APAPAP
0016 130)0120 0120 0120 0120 7700 4755 0007 4755 APAPAPAP?@'-@G'-
0016 140)0004 7110 7640 4755 0010 4323 7166 1021 @D9H> '-@H#S96HQ
0016 150)7124 5303 0313 5625 1320 3517 3023 2310 9T+CCK.UKP]OXSSH
0016 160)4717 0017 2127 7410 6535 2410 0070 2473 'O@OQW<H5]TH@8T;
0016 170)7700 7740 7540 1600 0017 0007 2600 3044 ?@? = N@@O@GV@X$

0017 000)0216 0317 0206 1206 0317 1215 0417 1317 BNCOBFJFCOJMDOKO
0017 010)0206 1205 2103 0214 1307 2307 0417 1317 BFJEQCBLKGSGDOKO
0017 020)2214 0517 1417 2317 0203 1203 2203 3103 RLEOLOSOBCJCRCYC
0017 030)0307 1307 2205 3205 0317 1213 2407 3407 CGKGREZECOJKTG\G
0017 040)0517 1417 2317 3213 0617 1517 2417 3317 EOLOSOZKFOMOTO[O
0017 050)0202 1202 2202 3102 4201 0305 1205 2304 BBJBRBYB"ACEJESD
0017 060)3304 4204 0212 1407 2407 3307 4307 0517 [D"DBJLGTG[G#GEO
0017 070)1417 2212 3307 4307 0617 1517 2417 3317 LORJ[G#GFOMOTO[O
0017 100)4212 0717 1617 2517 3417 4317 0102 1201 "JGONOUO\O#OABJA
0017 110)2201 3201 4201 5201 0305 1304 2304 3204 RAZA"A*ACEKDSDZD
0017 120)4204 5102 0407 1407 2307 3307 4204 5204 "D)BDGLGSG[G"D*D
0017 130)0517 1211 2407 3407 4307 5307 0617 1517 EOJITG\G#G+GFOMO
0017 140)2417 3211 4307 5307 0717 1617 2517 3417 TOZI#G+GGONOUO\O
0017 150)4317 5211 0201 1201 2201 3201 4101 5200 #O*IBAJARAZA!A*@
0017 160)6100 0204 1303 2303 3303 4303 5203 6102 1@BDKCSC[C#C*C1B
0017 170)0407 1407 2305 3304 4304 5204 6203 0210 DGLGSE[D#D*D2CBH

0020 000)1507 2507 3407 4407 5307 6307 0617 1517 MGUG\G$G+G3GFOMO
0020 010)2210 3407 4407 5307 6307 0717 1617 2517 RH\G$G+G3GGONOUO
0020 020)3417 4210 5307 6307 0201 1201 2101 3100 \O"H+G3GBAJAQAY@
0020 030)4200 5200 6200 7200 0303 1203 2203 3302 "@*@2@:@CCJCRC[B
0020 040)4302 5302 6302 7101 0207 1405 2404 3404 #B+B3B9ABGLETD\D
0020 050)4303 5303 6303 7303 0407 1407 2307 3307 #C+C3C;CDGLGSG[G
0020 060)4207 5505 6504 7504 0617 1507 2507 3407 "G-E5D=DFOMGUG\G
0020 070)4407 5307 6307 7207 0717 1617 2517 3407 $G+G3G:GGONOUO\G
0020 100)4407 5307 6307 7207 3737 0504 2523 3123 $G+G3G:G__EDUSYS
0020 110)2405 1540 6265 4002 0123 1103 3705 0462 TEM 25 BASIC_ED2
0020 120)6501 5502 5526 6063 5560 6107 3700 0000 5A-B-V03-01G_@@@
0020 130)0000 0000 0000 0000 0000 0000 0000 1620 @@@@@@@@@@@@@@NP
0020 140)2524 5440 0611 1405 3700 0201 0440 0411 UT, FILE_@BAD DI
0020 150)2205 0324 1722 3140 1716 4004 0526 1103 RECTORY ON DEVIC
0020 160)0537 0000 0411 2205 0324 1722 3140 0522 E_@@DIRECTORY ER
0020 170)2217 2200 0000 6046 6041 5374 7200 5772 ROR@@@0&0!+<:@/:

0021 000)6221 1737 4777 1376 4342 1375 4777 1374 2QO_'?K>#"K='?K<
0021 010)4342 7340 4777 4777 1740 1373 4777 1735 #"; '?'?O K;'?O]
0021 020)4777 1372 4342 1371 1736 4777 1371 1736 '?K:#"K9O^'?K9O^
0021 030)4777 1371 1736 4777 1370 1736 4777 1370 '?K9O^'?K8O^'?K8
0021 040)1736 4777 7346 4342 1367 1736 4777 1367 O^'?;&#"K7O^'?K7
0021 050)1736 4777 1737 4777 1366 1736 4777 1365 O^'?O_'?K6O^'?K5
0021 060)1736 4777 4777 4777 1364 4777 1363 4777 O^'?'?'?K4'?K3'?
0021 070)4777 1362 4777 1361 4777 1360 4777 1357 '?K2'?K1'?K0'?K/
0021 100)4777 1356 4777 1341 4777 1341 1355 3341 '?K.'?K!'?K!K-[!
0021 110)1354 4342 7301 4777 1353 4777 1352 4777 K,#";A'?K+'?K*'?
0021 120)2335 2335 2335 2336 2336 2336 2337 2337 S]S]S]S^S^S^S_S_
0021 130)2337 2340 2024 5200 5751 4000 4002 4001 S_S PT*@/) @ B A
0021 140)3124 0000 0000 3350 4777 2350 5344 5742 YT@@@@[('?S(+$/"
0021 150)0000 7200 5555 0203 7766 0400 6007 6000 @@:@--BC?6D@0G0@
0021 160)7356 3702 0560 1605 1617 0100 0162 0164 ;._BE0NENOA@A2A4
0021 170)0000 0040 7773 5776 7770 0464 7774 4201 @@@ ?;/>?8D4?<"A

0022 000)0000 3207 4776 6202 4775 0210 7200 0000 @@ZG'>2B'=BH:@@@
0022 010)5774 3776 1773 3033 1372 3011 1411 7450 /<_>O;X[K:XILI<(
0022 020)5331 3410 1010 3333 4771 1411 3034 1034 +Y\HHH[['9LIX\H\
0022 030)7450 5325 7140 1030 1031 7630 5323 1034 <(+U9 HXHY>X+SH\
0022 040)3410 7240 1770 3770 1033 7041 1030 7650 \H: O8_8H[8!HX>(
0022 050)1032 7650 4767 1034 7041 1030 3030 1034 HZ>('7H\8!HXXXH\
0022 060)7041 1033 3033 1010 7041 1027 1027 1366 8!H[X[HH8!HWHWK6
0022 070)7700 5315 2765 1765 7001 3764 1764 1363 ?@+MW5O58A_4O4K3
0022 100)7700 5762 4761 1360 3010 3757 3410 1030 ?@/2'1K0XH_/\HHX
0022 110)3410 3410 3410 1027 3410 2606 5216 1756 \H\H\HHW\HVF*NO.
0022 120)7450 5755 5200 1354 4753 7240 1333 3010 <(/-*@K,'+: K[XH
0022 130)5257 1411 5260 0000 0122 0540 3117 2540 */LI*0@@ARE YOU 
0022 140)2325 2205 7700 0000 1024 7041 1025 7650 SURE?@@@HT8!HU>(
0022 150)7001 3032 5743 4600 5735 5600 7202 2472 8AXZ/#&@/].@:BT:
0022 160)6577 5631 5624 7771 6602 5641 7165 2637 5?.Y.T?96B.!95V_
0022 170)6600 6413 7204 7201 5625 7607 5700 0026 6@4K:D:A.U>G/@@V

0023 000)5400 0000 6211 3600 6221 2200 5601 3711 ,@@@2I^@2QR@.A_I
0023 010)1414 0507 0114 4017 2357 7040 0405 2611 LLEGAL OS/8 DEVI
0023 020)0305 4006 1725 1604 3716 1740 0217 1724 CE FOUND_NO BOOT
0023 030)2324 2201 2040 2017 2323 1102 1405 4137 STRAP POSSIBLE!_
0023 040)3700 3724 1740 0217 1724 2324 2201 2040 _@_TO BOOTSTRAP 
0023 050)0201 0313 4000 1723 5770 4000 1517 1611 BACK @OS/8 @MONI
0023 060)2417 2272 3740 1417 0104 4001 0404 2205 TOR:_ LOAD ADDRE
0023 070)2323 4060 6766 6060 3740 0116 0440 2324 SS 07600_ AND ST
0023 100)0122 2437 3700 3711 1626 0114 1104 4022 ART__@_INVALID R
0023 110)0523 2017 1623 0537 0000 3737 0504 2523 ESPONSE_@@__EDUS
0023 120)3123 2405 1540 6265 4002 0123 1103 3737 YSTEM 25 BASIC__
0023 130)0000 3716 2515 0205 2240 1706 4025 2305 @@_NUMBER OF USE
0023 140)2223 4050 6140 2417 4070 5177 0000 3720 RS (1 TO 8)?@@_P
0023 150)0420 5570 5714 4003 1715 2025 2405 2240 DP-8/L COMPUTER 
0023 160)5031 4017 2240 1651 7700 3724 0514 0524 (Y OR N)?@_TELET
0023 170)3120 0540 4361 4004 0526 1103 0540 0317 YPE #1 DEVICE CO

0024 000)0405 7700 3723 2401 1604 0122 0440 2205 DE?@_STANDARD RE
0024 010)1517 2405 4024 0514 0524 3120 0540 0317 MOTE TELETYPE CO
0024 020)0405 2340 5031 4017 2240 1651 7700 3706 DES (Y OR N)?@_F
0024 030)1105 1404 4000 3724 1005 2205 4001 2205 IELD @_THERE ARE
0024 040)4000 4002 1417 0313 2340 1405 0624 4011  @ BLOCKS LEFT I
0024 050)1640 2410 1123 4006 1105 1404 5637 4031 N THIS FIELD._ Y
0024 060)1725 2240 0114 1417 0301 2411 1716 4006 OUR ALLOCATION F
0024 070)1722 4025 2305 2240 4300 4027 1114 1440 OR USER #@ WILL 
0024 100)0205 4010 1727 4015 0116 3140 0214 1703 BE HOW MANY BLOC
0024 110)1323 7700 3737 0516 0440 1706 4004 1101 KS?@__END OF DIA
0024 120)1417 0725 0537 0000 3702 1417 0313 4023 LOGUE_@@_BLOCK S
0024 130)1132 0523 4004 1716 4724 4027 1722 1355 IZES DON'T WORK-
0024 140)5510 0126 0540 2417 4023 2401 2224 4001 -HAVE TO START A
0024 150)0701 1116 3737 0000 3723 2401 1604 0122 GAIN__@@_STANDAR
0024 160)0440 2523 0522 4023 2417 2201 0705 4001 D USER STORAGE A
0024 170)1414 1703 0124 1117 1640 5031 4017 2240 LLOCATION (Y OR 

0025 000)1651 7700 3711 2340 2410 0540 0102 1726 N)?@_IS THE ABOV
0025 010)0540 0317 2222 0503 2440 5031 4017 2240 E CORRECT (Y OR 
0025 020)1651 7700 4015 1722 0577 0000 3701 1631 N)?@ MORE?@@_ANY
0025 030)4025 1625 2305 0440 2405 2215 1116 0114  UNUSED TERMINAL
0025 040)2340 5031 4017 2240 1651 7700 3704 0526 S (Y OR N)?@_DEV
0025 050)1103 0540 0317 0405 7700 3742 0504 2542 ICE CODE?@_"EDU"
0025 060)4016 1724 4001 2323 1107 1605 0440 2417  NOT ASSIGNED TO
0025 070)4017 2370 4004 0526 1103 0537 1722 4011  OS8 DEVICE_OR I
0025 100)2447 2340 2722 1124 0540 1417 0313 0504 T'S WRITE LOCKED
0025 110)0000 3737 2205 2425 2216 1116 0740 2417 @@__RETURNING TO
0025 120)4017 2370 3700 3742 2331 2372 0504 2562  OS8_@_"SYS:EDU2
0025 130)6556 2326 4240 1617 2440 0617 2516 0400 5.SV" NOT FOUND@
0025 140)3737 1123 4024 1005 4023 3123 2405 1540 __IS THE SYSTEM 
0025 150)0405 2611 0305 4001 1640 2213 7055 0540 DEVICE AN RK8-E 
0025 160)5031 4017 2240 1651 7700 7622 7621 6360 (Y OR N)?@>R>Q30
0025 170)0017 7760 7617 6132 7601 3377 0377 5000 @O?0>O1Z>A[?C?(@

0026 000)4437 2064 7410 5265 1412 7650 5211 1377 $_P4<H*5LJ>(*IK?
0026 010)4435 1412 7041 1062 3062 2064 5204 1412 $]LJ8!H2X2P4*DLJ
0026 020)7640 5265 1412 3271 1271 7100 1060 7630 > *5LJZ9J99@H0>X
0026 030)5265 1776 1375 7630 5265 7326 1776 7110 *5O>K=>X*5;VO>9H
0026 040)3774 2773 1062 3270 7100 1776 4434 1270 _<W;H2Z89@O>$\J8
0026 050)3772 3412 1271 3412 7240 3773 3774 7326 _:\JJ9\J: _;_<;V
0026 060)1776 4434 4423 0056 3235 4423 0056 3175 O>$\$S@.Z]$S@.Y=
0026 070)0000 0000 0000 7650 4757 5665 0000 3200 @@@@@@>('/.5@@Z@
0026 100)1356 3030 6211 4764 7700 5314 6202 4600 K.XX2I'4?@+L2B&@
0026 110)0210 1400 0001 5755 3007 1754 1353 7650 BHL@@A/-XGO,K+>(
0026 120)5325 1200 1362 7640 5327 1352 3030 5676 +UJ@K2> +WK*XX.>
0026 130)3205 2217 4023 3123 7700 7700 5341 4763 ZERO SYS?@?@+!'3
0026 140)0002 4763 0000 5001 4523 1012 4277 5050 @B'3@@(A%SHJ"?((
0026 150)4523 0231 0070 7710 1401 5626 0007 3700 %SBY@8?HLA.V@G_@
0026 160)3023 7600 0171 3517 2473 6140 0600 3401 XS>@A9]OT;1 F@\A
0026 170)7204 6341 4210 4207 4211 7764 3450 0003 :D3!"H"G"I?4\(@C

0027 000)0000 6002 7650 1112 3370 3367 6214 1375 @@0B>(IJ[8[72LK=
0027 010)3354 1107 3002 1600 2200 3362 1600 0074 [,IGXBN@R@[2N@@<
0027 020)3373 1373 1111 3321 1321 3344 1600 2200 [;K;II[QKQ[$N@R@
0027 030)0007 3363 1600 2200 7010 3365 7420 5244 @G[3N@R@8H[5<P*$
0027 040)1073 3373 1103 7410 1362 6744 7010 3364 H;[;IC<HK27$8H[4
0027 050)4441 0075 7640 5265 1105 1200 7640 1113 $!@=> *5IEJ@> IK
0027 060)7100 1365 3365 7430 2367 1364 7640 5273 9@K5[5<XS7K4> *;
0027 070)1363 7110 1370 1367 1373 1114 6746 1365 K39HK8K7K;IL7&K5
0027 100)6743 5772 6745 7104 7640 5356 6742 1364 7#/:7%9D> +.7"K4
0027 110)7650 5771 1115 3366 1116 3364 1370 7700 >(/9IM[6IN[4K8?@
0027 120)5342 6221 1762 6211 3766 2362 2366 2364 +"2QO22I_6S2S6S4
0027 130)5321 1103 6744 1367 1374 1370 6746 1365 +QIC7$K7K<K87&K5
0027 140)6743 5020 6211 1766 6221 3762 2362 2366 7#(P2IO62Q_2S2S6
0027 150)2364 5342 5771 3002 7402 5600 6742 1106 S4+"/9XB<B.@7"IF
0027 160)3354 5771 0000 0000 0000 0000 0000 0000 [,/9@@@@@@@@@@@@
0027 170)0000 4755 4744 0000 1410 6203 5777 0000 @@'-'$@@LH2C/?@@

0030 000)0000 7300 4777 4740 5237 6211 1376 3775 @@;@'?' *_2IK>_=
0030 010)1374 3773 1372 3771 1370 3767 6221 4307 K<_;K:_9K8_72Q#G
0030 020)6221 5200 6211 3000 7600 6221 4307 6221 2Q*@2IX@>@2Q#G2Q
0030 030)5543 6211 0112 7773 6221 1366 3765 4307 -#2IAJ?;2QK6_5#G
0030 040)6201 4000 6211 4207 7600 7300 6221 6212 2A @2I"G>@;@2Q2J
0030 050)4764 0001 2331 2300 4000 5763 7300 6221 '4@ASYS@ @/3;@2Q
0030 060)6202 4654 4120 5000 0030 5763 7300 6221 2B&,!P(@@X/3;@2Q
0030 070)6202 4654 4110 3200 0027 5763 7300 4307 2B&,!HZ@@W/3;@#G
0030 100)6211 4207 6201 4000 7600 6221 5600 0000 2I"G2A @>@2Q.@@@
0030 110)1707 2307 3327 1707 2307 3340 1707 2307 OGSG[WOGSG[ OGSG
0030 120)3331 1707 2307 3341 1707 2307 3342 0000 [YOGSG[!OGSG["@@
0030 130)1740 0000 3741 2340 2341 2342 5327 5707 O @@_!S S!S"+W/G
0030 140)0000 0000 0000 4000 6260 1400 4407 7600 @@@@@@ @20L@$G>@
0030 150)0000 6201 1652 6211 2252 5750 1523 7200 @@2AN*2IR*/(MS:@
0030 160)0777 7233 6544 0251 7700 0056 6743 0104 G?:[5$B)?@@.7#AD
0030 170)3153 4046 3154 0067 3102 0107 6741 0312 Y+ &Y,@7YBAG7!CJ

0031 000)0000 0000 0000 0000 0000 0000 0000 0000 @@@@@@@@@@@@@@@@
0031 010)0000 0000 0000 0000 0000 0000 0000 0000 @@@@@@@@@@@@@@@@
0031 020)0000 0000 0000 0000 0000 0000 0000 0000 @@@@@@@@@@@@@@@@
0031 030)0000 0000 0000 0000 0000 0000 0000 0000 @@@@@@@@@@@@@@@@
0031 040)0000 0000 0000 0000 0000 0000 0000 0000 @@@@@@@@@@@@@@@@
0031 050)0000 0000 0000 0000 0000 0000 0000 0000 @@@@@@@@@@@@@@@@
0031 060)0000 0000 0000 0000 0000 0000 0000 0000 @@@@@@@@@@@@@@@@
0031 070)0000 0000 0000 0000 0000 0000 0000 0000 @@@@@@@@@@@@@@@@
0031 100)0000 0000 0000 0000 0000 0000 0000 0000 @@@@@@@@@@@@@@@@
0031 110)0000 0000 0000 0000 0000 0000 0000 0000 @@@@@@@@@@@@@@@@
0031 120)0000 0000 0000 0000 0000 0000 0000 0000 @@@@@@@@@@@@@@@@
0031 130)0000 0000 0000 0000 0000 0000 0000 0000 @@@@@@@@@@@@@@@@
0031 140)0000 0000 0000 0000 0000 0000 0000 0000 @@@@@@@@@@@@@@@@
0031 150)0000 0000 0000 0000 0000 0000 0000 0000 @@@@@@@@@@@@@@@@
0031 160)0000 0000 0000 0000 0000 0000 0000 0000 @@@@@@@@@@@@@@@@
0031 170)0000 0000 0000 0000 0000 0000 0000 0000 @@@@@@@@@@@@@@@@

0032 000)0000 6201 1240 7106 7004 0216 1231 3210 @@2AJ 9F8DBNJYZH
0032 010)6201 1636 7000 3210 1212 3636 0070 1636 2AN^8@ZHJJ^^@8N^
0032 020)7400 1220 1237 7640 5231 1210 3636 2240 <@JPJ_> *YJH^^R 
0032 030)5201 6201 1240 7106 6213 5600 6020 1400 *A2AJ 9F2K.@0PL@
0032 040)0001 4305 2222 1722 4011 1640 0317 1515 @A#ERROR IN COMM
0032 050)0116 0400 4303 0314 4063 0540 1726 0522 AND@#CCL 3E OVER
0032 060)1401 3140 0116 0440 1517 1611 2417 2240 LAY AND MONITOR 
0032 070)1116 0317 1520 0124 1102 1405 0000 1617 INCOMPATIBLE@@NO
0032 100)2440 2701 2277 0000 0611 1405 2340 0405 T WAR?@@FILES DE
0032 110)1405 2405 0472 0000 0611 1405 2340 2205 LETED:@@FILES RE
0032 120)1601 1505 0472 0000 0611 1405 2340 0317 NAMED:@@FILES CO
0032 130)2011 0504 7200 6060 1357 6060 1340 0317 PIED:@00K/00K CO
0032 140)2205 0000 0401 3140 0000 4316 1724 4005 RE@@DAY @@#NOT E
0032 150)1617 2507 1040 0317 2205 0000 4303 0116 NOUGH CORE@@#CAN
0032 160)1617 2440 0310 0116 0705 4003 1722 0540 NOT CHANGE CORE 
0032 170)0301 2001 0311 2431 4027 1011 1405 4022 CAPACITY WHILE R

0033 000)6221 1645 3245 6211 3645 2245 5204 6221 2QN%Z%2I^%R%*D2Q
0033 010)1032 7041 1246 3245 3646 2246 7000 2245 HZ8!J&Z%^&R&8@R%
0033 020)5214 1247 7106 7004 1244 3226 0000 3645 *LJ'9F8DJ$ZV@@^%
0033 030)2245 5227 7340 1247 3247 7340 1247 7640 R%*W; J'Z'; J'> 
0033 040)5221 6203 5643 0357 6201 4200 7250 0000 *Q2C.#C/2A"@:(@@
0033 050)1640 2331 2372 0000 4311 1414 0507 0114 N SYS:@@#ILLEGAL
0033 060)4023 3116 2401 3000 4324 1717 4015 0116  SYNTAX@#TOO MAN
0033 070)3140 0611 1405 2300 4016 1724 4006 1725 Y FILES@ NOT FOU
0033 100)1604 0000 4004 1705 2340 1617 2440 0530 ND@@ DOES NOT EX
0033 110)1123 2400 4302 0104 4015 1716 1124 1722 IST@#BAD MONITOR
0033 120)0000 4311 1620 2524 4005 2222 1722 4022 @@#INPUT ERROR R
0033 130)0501 0411 1607 4011 1604 1122 0503 2440 EADING INDIRECT 
0033 140)0611 1405 0000 4303 1715 1501 1604 4014 FILE@@#COMMAND L
0033 150)1116 0540 1726 0522 0614 1727 0000 4302 INE OVERFLOW@@#B
0033 160)0104 4016 2515 0205 2200 4311 1414 0507 AD NUMBER@#ILLEG
0033 170)0114 4052 4017 2240 7700 4302 0104 4005 AL * OR ?@#BAD E

0034 000)0101 0101 0101 0101 0101 0101 0101 0101 AAAAAAAAAAAAAAAA
0034 010)0101 0101 0101 0101 0101 0101 0101 0101 AAAAAAAAAAAAAAAA
0034 020)0101 0101 0101 0101 0101 0101 0101 0101 AAAAAAAAAAAAAAAA
0034 030)0101 0101 0101 0101 0101 0101 0101 0101 AAAAAAAAAAAAAAAA
0034 040)0101 0101 0101 0101 0101 0101 0101 0101 AAAAAAAAAAAAAAAA
0034 050)0101 0101 0101 0101 0101 0101 0101 0101 AAAAAAAAAAAAAAAA
0034 060)0101 0101 0101 0101 0101 0101 0101 0101 AAAAAAAAAAAAAAAA
0034 070)0101 0101 0101 0101 0101 0101 0101 0101 AAAAAAAAAAAAAAAA
0034 100)0101 0101 0101 0101 0101 0101 0101 0101 AAAAAAAAAAAAAAAA
0034 110)0101 0101 0101 0101 0101 0101 0101 0101 AAAAAAAAAAAAAAAA
0034 120)0101 0101 0101 0101 0101 0101 0101 0101 AAAAAAAAAAAAAAAA
0034 130)0101 0101 0101 0101 0101 0101 0101 0101 AAAAAAAAAAAAAAAA
0034 140)0101 0101 0101 0101 0101 0101 0101 0101 AAAAAAAAAAAAAAAA
0034 150)0101 0101 0101 0101 0101 0101 0101 0101 AAAAAAAAAAAAAAAA
0034 160)0101 0101 0101 0101 0101 0101 0101 0101 AAAAAAAAAAAAAAAA
0034 170)0101 0101 0101 0101 0101 0101 0101 0101 AAAAAAAAAAAAAAAA

0035 000)0000 7575 0000 0000 0003 7754 7755 0001 @@==@@@@@C?,?-@A
0035 010)2235 2235 2235 2235 2235 2235 2235 2235 R]R]R]R]R]R]R]R]
0035 020)0400 7346 3207 1235 7040 1277 3235 7332 D@;&ZGJ]8 J?Z];Z
0035 030)1235 3240 6214 1256 3371 0000 3377 1241 J]Z 2LJ.[9@@[?J!
0035 040)0000 2235 1777 3200 2377 7140 1777 3240 @@R]O?Z@S?9 O?Z 
0035 050)2377 1777 7104 3202 2377 1205 6203 3606 S?O?9DZBS?JE2C^F
0035 060)1200 7010 7220 1235 7012 7012 1245 6766 J@8H:PJ]8J8JJ%76
0035 070)6774 5301 7006 7004 7600 1340 7430 1220 7<+A8F8D>@K <XJP
0035 100)6764 1340 6034 1201 7650 6031 5312 1274 74K 0\JA>(0Y+JJ<
0035 110)3377 5372 6773 5312 7510 5272 6761 7006 [?+:7;+J=H*:718F
0035 120)7046 7620 1204 1605 7040 1202 7040 7640 8&>PJDNE8 JB8 > 
0035 130)5276 7420 5277 1240 3606 1200 6774 1355 *><P*?J ^FJ@7<K-
0035 140)0200 7104 3203 7004 7001 7126 7006 6764 B@9DZC8D8A9V8F74
0035 150)1274 3605 6773 5352 7120 7701 7001 7421 J<^E7;+*9P?A8A<Q
0035 160)6203 6002 1776 3777 5765 0210 1774 7104 2C0BO>_?/5BHO<9D
0035 170)1775 6203 5773 5313 5326 5325 0121 0120 O=2C/;+K+V+UAQAP

0036 000)0000 3056 0000 5020 5467 0000 0000 0200 @@X.@@(P,7@@@@B@
0036 010)0000 0000 0000 0000 0000 0000 0000 0000 @@@@@@@@@@@@@@@@
0036 020)1056 6203 5400 2764 1170 2462 2456 2442 H.2C,@W4I8T2T.T"
0036 030)2364 2447 3000 4425 3440 2654 2600 3416 S4T'X@$U\ V,V@\N
0036 040)2727 4736 0000 0000 0000 0000 0000 0000 WW'^@@@@@@@@@@@@
0036 050)0000 0000 0000 0000 0000 0000 0000 0000 @@@@@@@@@@@@@@@@
0036 060)0000 0000 0000 0000 0000 3453 0000 0000 @@@@@@@@@@\+@@@@
0036 070)4423 0060 3200 0010 0070 0100 1000 6777 $S@0Z@@H@8A@H@7?
0036 100)0120 1766 6601 4207 3052 5001 4425 6771 APO66A"GX*(A$U79
0036 110)0000 6201 3055 3113 3073 0614 0020 5334 @@2AX-YKX;FL@P+\
0036 120)1403 7666 0371 6006 6625 0036 7740 3172 LC>6C90F6U@^? Y:
0036 130)0002 4211 4210 3201 3177 3450 0004 4213 @B"I"HZAY?\(@D"K
0036 140)0026 7763 0077 0015 2153 3431 0014 0040 @V?3@?@MQ+\Y@L@ 
0036 150)0030 7772 0434 7720 0752 7725 4557 1346 @X?:D\?PG*?U%/K&
0036 160)7673 0011 1540 7722 7767 0400 0206 0571 >;@IM ?R?7D@BFE9
0036 170)7774 0457 5674 0377 0177 0200 0007 0600 ?<D/.<C?A?B@@GF@

0037 000)0000 7600 6214 1021 3210 5210 4577 2200 @@>@2LHQZH*H%?R@
0037 010)6203 1600 7450 5600 6212 7006 7006 0176 2CN@<(.@2J8F8FA>
0037 020)3273 1600 0175 7650 5227 1200 0201 3304 Z;N@A=>(*WJ@BA[D
0037 030)1600 0174 1304 3304 7420 5240 1704 3304 N@A<KD[D<P* OD[D
0037 040)7330 0704 3042 1704 7640 7340 3055 1704 ;XGDX"OD> ; X-OD
0037 050)7012 7010 0173 3044 1704 0176 3053 2304 8J8HA;X$ODA>X+SD
0037 060)1704 3052 2304 1704 3051 7346 1304 3011 ODX*SDODX);&KDXI
0037 070)1273 1172 3273 7402 0334 0455 0452 0531 J;I:Z;<BC\D-D*EY
0037 100)0662 0305 0311 0325 0000 7344 1304 3200 F2CECICU@@;$KDZ@
0037 110)5210 1600 7006 7006 7730 5361 1600 1316 *HN@8F8F?X+1N@KN
0037 120)3322 4347 7402 2200 5206 4347 3411 1047 [R#'<BR@*F#'\IH'
0037 130)3411 1046 3411 5207 1042 3043 1044 3045 \IH&\I*GH"X#H$X%
0037 140)1053 3050 1052 3047 1051 3046 5207 0000 H+X(H*X'H)X&*G@@
0037 150)1045 7104 7500 7106 7530 4425 1043 1050 H%9D=@9F=X$UH#H(
0037 160)5747 7330 1042 3042 4571 1050 7450 1047 /';XH"X"%9H(<(H'
0037 170)7640 5206 1046 0170 7640 5206 5567 5774 > *FH&A8> *F-7/<

0040 000)0000 1050 7110 3050 1047 7010 3047 1046 @@H(9HX(H'8HX'H&
0040 010)7010 3046 7010 3054 5600 0000 1377 3234 8HX&8HX,.@@@K?Z\
0040 020)7346 3200 6211 1634 7040 7430 7101 3634 ;&Z@2IN\8 <X9A^\
0040 030)2234 2200 5223 5615 0000 7100 1046 1051 R\R@*S.M@@9@H&H)
0040 040)3046 7004 1047 1052 3047 7004 1050 1053 X&8DH'H*X'8DH(H+
0040 050)3050 5634 7330 1042 3042 4257 5566 0000 X(.\;XH"X""/-6@@
0040 060)2055 5657 1045 7141 1044 7430 5304 3234 P-./H%9!H$<X+DZ\
0040 070)1053 7110 3053 1052 7010 3052 1051 7010 H+9HX+H*8HX*H)8H
0040 100)3051 2234 5270 5314 7040 3234 1044 3045 X)R\*8+L8 Z\H$X%
0040 110)7410 4200 2234 5311 1043 1042 7710 4215 <H"@R\+IH#H"?H"M
0040 120)4234 1050 7700 5657 7346 4215 1042 3043 "\H(?@./;&"MH"X#
0040 130)5657 2055 5371 1043 1042 3043 1045 1044 ./P-+9H#H"X#H%H$
0040 140)1376 3045 1050 3042 1047 3044 1046 3057 K>X%H(X"H'X$H&X/
0040 150)1375 3005 4200 1042 7010 3042 1044 7010 K=XE"@H"8HX"H$8H
0040 160)3044 1057 7010 3057 7430 4234 2005 5352 X$H/8HX/<X"\PE+*
0040 170)5566 3050 4774 5566 0730 7745 7577 0051 -6X('<-6GX?%=?@)

0041 000)0000 3054 1050 1235 7710 5211 4565 2045 @@X,H(J]?H*I%5P%
0041 010)5202 1054 7700 5223 2046 5223 2047 5223 *BH,?@*SP&*SP'*S
0041 020)2050 5201 7340 1045 7510 5235 3045 7346 P(*A; H%=H*]X%;&
0041 030)1050 7740 5600 4247 5222 7770 1050 7450 H(? .@"'*R?8H(<(
0041 040)1047 7450 1046 7640 4425 4330 5600 0000 H'<(H&> $U#X.@@@
0041 050)1046 7104 3046 1047 7004 3047 1050 7004 H&9DX&H'8DX'H(8D
0041 060)3050 5647 2055 4425 1043 1042 3043 1044 X(.'P-$UH#H"X#H$
0041 070)7041 1045 1174 3045 3005 1377 3200 7330 8!H%I<X%XEK?Z@;X
0041 100)0053 1050 7700 4776 4775 1005 7004 3005 @+H(?@'>'=HE8DXE
0041 110)1044 7004 3044 1042 7004 3042 4247 2200 H$8DX$H"8DX""'R@
0041 120)5277 1042 3050 1044 3047 1005 3046 5566 *?H"X(H$X'HEX&-6
0041 130)0000 1050 7650 5343 1045 1374 7700 5350 @@H(>(+#H%K<?@+(
0041 140)4565 2045 5334 3045 3043 3050 3047 3046 %5P%+\X%X#X(X'X&
0041 150)1046 5730 0000 4247 1046 3051 1047 3052 H&/X@@"'H&X)H'X*
0041 160)1050 3053 4247 4247 4775 5752 1544 1433 H(X+"'"''=/*M$L[
0041 170)6750 0522 1360 2021 7545 0434 0415 7743 7(ERK0PQ=%D\DM?#

0042 000)0000 1164 3302 4303 4440 1163 7640 5217 @@I4[B#C$ I3> *O
0042 010)4426 1302 3010 4324 1302 7041 1010 3010 $VKBXH#TKB8!HHXH
0042 020)1345 3045 4407 6010 7562 0000 1302 1161 K%X%$G0H=2@@KBI1
0042 030)7650 4425 4440 1160 7640 5255 4426 7346 >($U$ I0> *-$V;&
0042 040)3302 4303 7326 1302 7710 5231 1043 7104 [B#C;VKB?H*YH#9D
0042 050)1046 7430 7041 1010 3010 4407 0562 0000 H&<X8!HHXH$GE2@@
0042 060)1010 7450 5300 7710 5271 1010 7041 3010 HH<(+@?H*9HH8!XH
0042 070)1326 1156 3274 4407 7402 0000 2010 5273 KVI.Z<$G<B@@PH*;
0042 100)6203 5600 0000 0000 3046 3047 3050 3043 2C.@@@@@X&X'X(X#
0042 110)4440 1155 7450 5321 7112 7640 5322 7330 $ I-<(+Q9J> +R;X
0042 120)3043 4426 4324 5703 0000 4427 7000 5724 X#$V#T/C@@$W8@/T
0042 130)4554 3053 3052 4440 1153 3051 4552 4426 %,X+X*$ I+X)%*$V
0042 140)2302 5325 4425 0000 4427 0233 4425 1151 SB+U$U@@$WB[$UI)
0042 150)3302 4303 1047 7640 5346 1046 7550 5346 [B#CH'> +&H&=(+&
0042 160)6201 3550 1550 7001 7710 5346 6203 5743 2A](M(8A?H+&2C/#
0042 170)0000 6203 4777 5770 4104 4101 4075 4765 @@2C'?/8!D!A ='5

0043 000)0000 1043 7710 1377 1147 4424 1050 7640 @@H#?HK?I'$TH(> 
0043 010)5214 1376 4424 5300 4775 1374 3005 1373 *LK>$T+@'=K<XEK;
0043 020)3010 5226 1050 0174 3050 4772 1050 7106 XH*VH(A<X(':H(9F
0043 030)7006 7006 0371 1376 3410 2005 5222 1373 8F8FC9K>\HPE*RK;
0043 040)3010 7326 1773 7450 5302 7510 5252 1370 XH;VO;<(+B=H**K8
0043 050)7710 5306 7200 1410 4424 1367 4424 1151 ?H+F:@LH$TK7$TI)
0043 060)3005 1410 4424 2005 5261 1366 4424 1773 XELH$TPE*1K6$TO;
0043 070)7710 7326 1365 4424 1773 7510 7041 2200 ?H;VK5$TO;=H8!R@
0043 100)6203 5600 1367 4424 1376 4424 1374 3005 2C.@K7$TK>$TK<XE
0043 110)1364 3057 1457 1153 7640 5322 2005 7340 K4X/L/I+> +RPE; 
0043 120)1057 5311 1773 1005 7710 5331 1773 7040 H/+IO;HE?H+YO;8 
0043 130)3005 7344 7040 1773 7440 5340 1367 4424 XE;$8 O;< + K7$T
0043 140)3773 1410 4424 2005 5332 5300 2045 0000 _;LH$TPE+Z+@P%@@
0043 150)0000 2230 2206 2222 2222 2213 2212 2210 @@RXRFRRRRRKRJRH
0043 160)0574 2552 1413 2017 1543 0053 0105 0056 E<U*LKPOM#@+AE@.
0043 170)7770 0017 0752 1534 7771 1400 0060 0015 ?8@OG*M\?9L@@0@M

0044 000)0000 1045 1204 3045 7610 1334 3334 1050 @@H%JDX%>HK\[\H(
0044 010)7006 7630 5230 4620 7340 1045 3045 5207 8F>X*X&P; H%X%*G
0044 020)0647 5400 2166 7773 0377 0752 0766 0730 F',@Q6?;C?G*G6GX
0044 030)1045 7740 5245 4565 4565 4565 4565 4625 H%? *%%5%5%5%5&U
0044 040)1045 1332 3045 7340 5205 1045 1223 7510 H%KZX%; *EH%JS=H
0044 050)5301 7300 1231 3005 1050 1221 7500 3050 +A;@JYXEH(JQ=@X(
0044 060)7200 1046 7004 3046 1047 7004 3047 1050 :@H&8DX&H'8DX'H(
0044 070)7004 3050 2005 5254 1050 0224 3050 7301 8DX(PE*,H(BTX(;A
0044 100)5205 3005 7410 4565 2005 5303 1050 1221 *EXE<H%5PE+CH(JQ
0044 110)7700 5251 7100 1222 1046 3046 7430 2047 ?@*)9@JRH&X&<XP'
0044 120)7410 2050 1050 1221 7640 5600 1175 3050 <HP(H(JQ> .@I=X(
0044 130)3046 2334 0004 5600 0000 0000 0000 0000 X&S\@D.@@@@@@@@@
0044 140)0000 0000 0000 0000 0000 4407 6150 1626 @@@@@@@@@@$G1(NV
0044 150)6100 2626 0000 4627 7110 1043 7004 7430 1@VV@@&W9HH#8D<X
0044 160)7041 3200 7100 1050 7450 1047 7640 7120 8!Z@9@H(<(H'> 9P
0044 170)1200 5744 0775 4203 3020 1412 3500 4407 J@/$G="CXPLJ]@$G

0045 000)7335 6040 5234 0000 1043 7710 4425 1045 ;]0 *\@@H#?H$UH%
0045 010)1365 7100 7510 7020 7010 1175 3045 1366 K59@=H8P8HI=X%K6
0045 020)3236 4407 7340 0335 4340 1340 0000 7340 Z^$G; C]# K @@; 
0045 030)1045 3045 2236 5221 0000 5430 0000 4407 H%X%R^*Q@@,X@@$G
0045 040)7767 0000 4431 5464 4407 7770 0767 0000 ?7@@$Y,4$G?8G7@@
0045 050)4431 5465 4407 4770 0000 5430 4407 1362 $Y,5$G'8@@,X$GK2
0045 060)6000 4407 4343 7335 0000 4431 5461 7330 0@$G##;]@@$Y,1;X
0045 070)1043 3043 4407 1335 0000 2045 2045 4407 H#X#$GK]@@P%P%$G
0045 100)7335 0000 3043 4407 2371 6140 5317 0335 ;]@@X#$GS91 +OC]
0045 110)0000 4431 5007 2045 4407 2335 5300 0335 @@$Y(GP%$GS]+@C]
0045 120)3335 7340 3346 1351 3340 1354 3340 1357 []; [&K)[ K,[ K/
0045 130)3340 1362 3335 0000 5430 0000 0000 0000 [ K2[]@@,X@@@@@@
0045 140)0000 0000 0000 2036 2207 7325 1644 7553 @@@@@@P^RG;UN$=+
0045 150)6722 5714 6223 1423 1755 0632 1276 6005 7R/L2SLSO-FZJ>0E
0045 160)1256 7406 2016 2207 7325 7600 7770 1540 J.<FPNRG;U>@?8M 
0045 170)1535 2014 0000 0000 0000 0175 0176 0033 M]PL@@@@@@A=A>@[

0046 000)4407 4257 7777 0000 4431 5460 7330 1043 $G"/??@@$Y,0;XH#
0046 010)3043 4407 7254 1777 7776 3776 1262 7777 X#$G:,O??>_>J2??
0046 020)0254 0000 4775 7041 7001 3254 4407 0265 B,@@'=8!8AZ,$GB5
0046 030)4777 1270 2776 7777 0776 3776 3273 1777 '?J8W>??G>_>Z;O?
0046 040)7777 0776 4777 1276 0000 1045 1254 3045 ??G>'?J>@@H%J,X%
0046 050)4407 6010 0000 5430 0000 0000 0000 2005 $G0H@@,X@@@@@@PE
0046 060)4271 0300 2075 3552 7022 6124 6477 0715 "9C@P=]*8R1T4?GM
0046 070)2044 7643 0062 1744 3372 3400 2004 0000 P$>#@2O$[:\@PD@@
0046 100)0000 4767 7750 4425 1045 3354 1357 3045 @@'7?($UH%[,K/X%
0046 110)4407 7777 1337 7776 0777 2337 4776 7776 $G??K_?>G?S_'>?>
0046 120)3776 3342 1345 3776 3776 1350 3776 2276 _>["K%_>_>K(_>R>
0046 130)7776 0353 2356 1776 3257 0000 5430 2005 ?>C+S.O>Z/@@,XPE
0046 140)5202 3632 2004 6253 2521 2007 5421 3604 *B^ZPD2+UQPG,Q^D
0046 150)2025 6125 1007 2174 0000 0000 2174 0200 PU1UHGQ<@@@@Q<B@
0046 160)0000 0000 4770 6203 5761 2230 2220 0347 @@@@'82C/1RXRPC'
0046 170)1544 2222 1130 6764 5020 1544 1740 1735 M$RRIX74(PM$O O]

0047 000)0000 1043 3200 3043 4407 7777 7776 2275 @@H#Z@X#$G???>R=
0047 010)6140 5265 2300 6140 5220 0775 4777 7777 1 *5S@1 *PG='???
0047 020)0774 7773 0777 2303 6100 5237 0777 1306 G<?;G?SC1@*_G?KF
0047 030)7777 0272 4777 1306 7777 0311 7773 0777 ??B:'?KF??CI?;G?
0047 040)3777 7772 0314 3772 1317 3772 1322 3772 _??:CL_:KO_:KR_:
0047 050)1325 3772 1775 3777 1773 7777 0776 2775 KU_:O=_?O;??G>W=
0047 060)6140 5265 0771 2777 7777 0777 0000 1200 1 *5G9W???G?@@J@
0047 070)3043 5430 6034 0000 0000 1634 0000 0000 X#,X0\@@@@N\@@@@
0047 100)2007 7776 0000 1774 2230 2427 2016 7331 PG?>@@O<RXTWPN;Y
0047 110)7272 2004 1405 2216 1756 0462 4562 5764 ::PDLERNO.D2%2/4
0047 120)4221 3403 1766 3141 6672 5775 2525 2377 "Q\CO6Y!6:/=UUS?
0047 130)0015 0007 0177 0137 0000 0014 0012 1043 @M@GA?A_@@@L@JH#
0047 140)7700 5360 4407 7770 0000 4431 5461 4407 ?@+0$G?8@@$Y,1$G
0047 150)6770 6040 5356 0770 2775 5357 0770 0000 780 +.G8W=+/G8@@
0047 160)4767 4407 6010 0000 6203 5766 5703 1544 '7$G0H@@2C/6/CM$
0047 170)1540 1762 2054 1535 1772 1771 1735 1740 M O2P,M]O:O9O]O 

0050 000)0002 0006 0012 0005 0011 0004 4777 4776 @B@F@J@E@I@D'?'>
0050 010)6201 1775 7106 7006 7006 3774 1774 7010 2AO=9F8F8F_<O<8H
0050 020)1047 0373 3772 7004 1050 1774 3774 1046 H'C;_:8DH(O<_<H&
0050 030)3775 1371 3045 3043 1774 0370 3050 1772 _=K9X%X#O<C8X(O:
0050 040)3047 5430 0000 1242 6203 3767 5766 0000 X',X@@J"2C_7/6@@
0050 050)1647 6203 3765 1247 7001 5764 0000 6203 N'2C_5J'8A/4@@2C
0050 060)4763 5656 0000 7200 6203 1262 3762 5761 '3..@@:@2CJ2_2/1
0050 070)3626 3627 3636 3636 3625 3603 2534 2502 ^V^W^^^^^U^CU\UB
0050 100)1436 1132 2576 2507 1221 1436 1132 2637 L^IZU>UGJQL^IZV_
0050 110)2515 3436 1336 2320 3000 0375 2522 3427 UM\^K^SPX@C=UR\W
0050 120)3626 2100 0176 2527 1536 2133 2022 0334 ^VQ@A>UWM^Q[PRC\
0050 130)2533 2017 3221 0236 2540 2012 1317 1213 U[POZQB^U PJKOJK
0050 140)0275 2545 3423 2014 3200 2676 3714 1532 B=U%\SPLZ@V>_LMZ
0050 150)2136 2232 0473 4730 3221 3300 2051 2476 Q^RZD;'XZQ[@P)T>
0050 160)0000 3526 3525 0560 1566 0115 5652 5651 @@]V]UE0M6AM.*.)
0050 170)0007 0200 0107 7740 0106 0110 0434 0647 @GB@AG? AFAHD\F'

0051 000)0000 7320 4434 1412 7650 5244 7240 1012 @@;P$\LJ>(*$: HJ
0051 010)3012 7346 3254 1146 3014 1414 7041 1412 XJ;&Z,I&XLLL8!LJ
0051 020)7640 5241 2254 5215 4441 7041 1412 7640 > *!R,*M$!8!LJ> 
0051 030)5241 4435 1412 7450 5250 3061 2200 1062 *!$]LJ<(*(X1R@H2
0051 040)5600 1254 7041 4435 1412 7041 1062 3062 .@J,8!$]LJ8!H2X2
0051 050)2064 5203 4545 5600 0000 1063 1012 3012 P4*C%%.@@@H3HJXJ
0051 060)5654 0000 3015 3016 3017 3057 7410 4426 .,@@XMXNXOX/<H$V
0051 070)6203 4544 5316 1057 1151 7700 5267 1057 2C%$+NH/I)?@*7H/
0051 100)7110 1143 3063 4440 0142 7430 5312 7106 9HI#X3$ A"<X+J9F
0051 110)7006 7006 1463 3463 2057 5267 4440 1141 8F8FL3\3P/*7$ I!
0051 120)7640 5033 1057 7650 5033 6203 5661 0000 > ([H/>(([2C.1@@
0051 130)6201 1540 6211 5727 7677 7652 7667 7703 2AM 2I/W>?>*>7?C
0051 140)7652 7652 7652 7703 7652 2777 2753 3126 >*>*>*?C>*W?W+YV
0051 150)2332 2320 3000 3034 4703 3427 1573 0000 SZSPX@X\'C\WM;@@
0051 160)7320 4434 6203 5757 0000 1764 2364 3376 ;P$\2C//@@O4S4[>
0051 170)1764 3364 7301 4432 3200 7610 0000 5764 O4[4;A$ZZ@>H@@/4

0052 000)0000 6002 1112 3315 1375 6214 3253 7240 @@0BIJ[MK=2LZ+: 
0052 010)1600 2200 3314 1600 0074 3316 1600 0342 N@R@[LN@@<[NN@C"
0052 020)2200 3312 1600 2200 3251 1107 3002 1113 R@[JN@R@Z)IGXBIK
0052 030)6201 3710 1114 3067 4441 0075 7640 5244 2A_HILX7$!@=> *$
0052 040)1105 1200 7640 1076 1115 6766 1073 6774 IEJ@> H>IM76H;7<
0052 050)5717 0000 3002 7402 5600 1116 1372 6764 /O@@XB<B.@INK:74
0052 060)1314 6201 3710 1316 6774 2067 1342 6201 KL2A_HKN7<P7K"2A
0052 070)3711 5672 2172 5322 6772 7710 5363 7300 _I.:Q:+R7:?H+3;@
0052 100)1312 1007 3312 7420 5266 1373 6764 5720 KJHG[J<P*6K;74/P
0052 110)7755 7754 0000 0000 0000 0000 0000 4744 ?-?,@@@@@@@@@@'$
0052 120)4755 0774 6201 1510 6211 0073 7640 5365 '-G<2AMH2I@;> +5
0052 130)6772 7006 7710 5361 6772 7710 5363 6761 7:8F?H+17:?H+371
0052 140)7006 7006 7600 1313 7041 1251 7450 5356 8F8F>@KK8!J)<(+.
0052 150)7041 7420 7001 7620 1165 5271 7620 5271 8!<P8A>PI5*9>P*9
0052 160)5715 1374 5271 1106 3253 3002 6761 0321 /MK<*9IFZ+XB71CQ
0052 170)6764 5720 0032 0602 0576 6203 5777 0000 74/P@ZFBE>2C/?@@

0053 000)3060 4436 5227 7344 1012 3012 1012 3014 X0$^*W;$HJXJHJXL
0053 010)3414 7346 1537 4465 4437 1412 7650 5355 \L;&M_$5$_LJ>(+-
0053 020)1136 4435 2064 5215 7300 1535 4434 1060 I^$]P4*M;@M]$\H0
0053 030)7650 5254 3066 7120 4434 1412 7650 5261 >(*,X69P$\LJ>(*1
0053 040)1136 4435 2064 5235 7200 1066 7640 5300 I^$]P4*]:@H6> +@
0053 050)3066 4545 5653 0070 2534 4436 7000 5660 X6%%.+@8U\$^8@.0
0053 060)3175 1066 7650 5266 2012 5242 7100 1412 Y=H6>(*6PJ*"9@LJ
0053 070)1060 7430 5242 3006 7344 1012 3066 5242 H0<X*"XF;$HJX6*"
0053 100)1012 3057 1136 4435 1012 1133 7700 5250 HJX/I^$]HJI[?@*(
0053 110)1457 3412 7344 1012 3012 7240 1057 3057 L/\J;$HJXJ: H/X/
0053 120)1057 7161 1066 7670 5310 1066 3012 1015 H/91H6>8+HH6XJHM
0053 130)3412 1016 3412 1017 3412 4441 3412 3412 \JHN\JHO\J$!\J\J
0053 140)7240 4435 1060 7041 3412 3412 1006 3412 : $]H08!\J\JHF\J
0053 150)7240 1503 3503 3060 5224 1412 7450 5374 : MC]CX0*TLJ<(+<
0053 160)3057 1012 3066 2064 7410 5224 1412 7640 X/HJX6P4<H*TLJ> 
0053 170)5220 1412 1057 3466 7344 4465 2503 5214 *PLJH/\6;$$5UC*L

0054 000)1073 3404 3332 3100 1133 4047 3326 2200 H;\D[ZY@I[ '[VR@
0054 010)1222 4064 2631 1111 2556 7000 0000 1503 JR 4VYIIU.8@@@MC
0054 020)3064 1532 3062 1537 7141 3063 1137 3012 X4MZX2M_9!X3I_XJ
0054 030)5616 0000 1531 7104 7120 7450 5631 7410 .N@@MY9D9P<(.Y<H
0054 040)0000 7450 1130 3250 7004 4432 4207 7410 @@<(IXZ(8D$Z"G<H
0054 050)0002 4437 5640 0000 1012 3013 1412 3413 @B$_. @@HJXKLJ\K
0054 060)1012 1127 7640 5256 5653 0000 1412 7450 HJIW> *..+@@LJ<(
0054 070)5321 3015 1412 3016 1412 3017 4441 7041 +QXMLJXNLJXO$!8!
0054 100)1412 7640 5320 4435 1412 7650 5322 1015 LJ> +P$]LJ>(+RHM
0054 110)4335 1016 4335 1017 4335 1143 4424 5322 #]HN#]HO#]I#$T+R
0054 120)4435 2012 2064 5326 4545 2265 6203 5665 $]PJP4+V%%R52C.5
0054 130)0000 4436 5033 6203 5730 0000 3015 1015 @@$^([2C/X@@XMHM
0054 140)7112 7012 7012 4347 1015 4347 5735 0000 9J8J8J#'HM#'/]@@
0054 150)0142 7450 5735 1126 7510 1075 1147 4424 A"<(/]IV=HH=I'$T
0054 160)5747 0000 6002 1525 7001 3014 1502 3051 /'@@0BMU8AXLMBX)
0054 170)1451 7041 1014 6202 7650 5524 1014 5761 L)8!HL2B>(-THL/1

0055 000)0316 1151 0157 0064 0270 0617 0042 1161 CNI)A/@4B8FO@"I1
0055 010)1147 0456 1116 0311 1201 0651 0141 0657 I'D.INCIJAF)A!F/
0055 020)0605 7662 7655 7662 7660 7671 7655 7656 FE>2>->2>0>9>->.
0055 030)7662 7654 7674 7650 7662 7674 7654 7674 >2>,><>(>2><>,><
0055 040)7662 0040 0053 0055 0052 0057 0136 0050 >2@ @+@-@*@/A^@(
0055 050)0133 0051 0135 0074 0076 0075 5465 5464 A[@)A]@<@>@=,5,4
0055 060)5470 5466 5467 1572 5462 5007 5460 5454 ,8,6,7M:,2(G,0,,
0055 070)5461 5463 6200 6317 1300 6447 3177 3315 ,1,32@3OK@4'Y?[M
0055 100)5545 3200 5545 5545 3315 5550 7530 5550 -%Z@-%-%[M-(=X-(
0055 110)5550 0762 5545 3302 2734 2745 2426 2323 -(G2-%[BW\W%TVSS
0055 120)1546 7405 1546 7413 7042 6562 6047 0464 M&<EM&<K8"520'D4
0055 130)4270 0464 7151 1074 5700 4200 1400 5703 "8D49)H</@"@L@/C
0055 140)5703 1256 1176 1110 5504 5703 1401 2374 /CJ.I>IH-D/CLAS<
0055 150)1545 1565 2202 4227 5102 0616 2103 1606 M%M5RB"W)BFNQCNF
0055 160)0663 0355 0644 3625 0711 3440 4475 2757 F3C-F$^UGI\ $=W/
0055 170)2660 1031 1142 3051 3074 3132 5116 4401 V0HYI"X)X<YZ)N$A

0056 000)4456 4546 4672 4700 5675 1260 7152 4202 $.%&&:'@.=J09*"B
0056 010)4300 7066 5702 7163 3226 3315 7225 1146 #@86/B93ZV[M:UI&
0056 020)2532 1207 1236 1410 1430 1533 1457 1525 UZJGJ^LHLXM[L/MU
0056 030)2400 2407 1033 1071 1103 1564 0033 6055 T@TGH[H9ICM4@[0-
0056 040)6206 5355 1150 1171 7050 7104 3053 1133 2F+-I(I98(9DX+I[
0056 050)4053 1532 2200 0436 4060 2326 2117 1213  +MZR@D^ 0SVQOJK
0056 060)1174 3410 3020 1320 1275 4071 2621 1712 I<\HXPKPJ= 9VQOJ
0056 070)1300 1335 4076 1715 2621 1300 1374 4102 K@K] >OMVQK@K<!B
0056 100)3336 1336 1433 4106 2332 1300 1474 4112 [^K^L[!FSZK@L<!J
0056 110)2132 0713 1573 4116 1336 3500 1634 4122 QZGKM;!NK^]@N\!R
0056 120)1413 3217 1674 4126 1327 3221 1722 4131 LKZON<!VKWZQOR!Y
0056 130)1320 1762 4134 3121 2034 4140 2326 1413 KPO2!\YQP\! SVLK
0056 140)2133 4144 3506 3200 2433 4150 2132 1000 Q[!$]FZ@T[!(QZH@
0056 150)2137 4156 1434 1536 1334 2700 2176 4163 Q_!.L\M^K\W@Q>!3
0056 160)3332 2332 1332 2234 4167 3233 2613 2273 [ZSZKZR\!7Z[VKR;
0056 170)4173 2432 0600 2334 4177 1336 1732 2373 !;TZF@S\!?K^OZS;

0057 000)3413 1512 2100 1033 3400 3120 1500 0000 \KMJQ@H[\@YPM@@@
0057 010)0000 0000 0000 0000 0000 0000 0000 0000 @@@@@@@@@@@@@@@@
0057 020)0000 0000 0000 0000 0000 0000 0000 0000 @@@@@@@@@@@@@@@@
0057 030)0000 0000 0000 0000 0000 0000 0000 0000 @@@@@@@@@@@@@@@@
0057 040)0000 0000 0000 0000 0000 0000 0000 0000 @@@@@@@@@@@@@@@@
0057 050)0000 0000 0000 0000 0000 0000 0000 0000 @@@@@@@@@@@@@@@@
0057 060)0000 0000 0000 0000 0000 0000 0000 0000 @@@@@@@@@@@@@@@@
0057 070)0000 0000 0000 0000 0000 0000 0000 0000 @@@@@@@@@@@@@@@@
0057 100)0000 0000 0000 0000 0000 0000 0000 0000 @@@@@@@@@@@@@@@@
0057 110)0000 0000 0000 0000 0000 0000 0000 0000 @@@@@@@@@@@@@@@@
0057 120)0000 0000 0000 0000 0000 0000 0000 0000 @@@@@@@@@@@@@@@@
0057 130)0000 0000 0000 0000 0000 0000 0000 0000 @@@@@@@@@@@@@@@@
0057 140)0000 0000 0000 0000 0000 0000 0000 0000 @@@@@@@@@@@@@@@@
0057 150)0000 0000 0000 0000 0000 0000 0000 0000 @@@@@@@@@@@@@@@@
0057 160)0000 0000 0000 0000 0000 0000 0000 0000 @@@@@@@@@@@@@@@@
0057 170)0000 0000 0000 0000 0000 0000 0000 0000 @@@@@@@@@@@@@@@@

0060 000)0000 0000 0000 0000 0000 0000 0000 0000 @@@@@@@@@@@@@@@@
0060 010)0000 0000 0000 0000 0000 0000 0000 0000 @@@@@@@@@@@@@@@@
0060 020)0000 0000 0000 0000 0000 0000 0000 0000 @@@@@@@@@@@@@@@@
0060 030)0000 0000 0000 0000 0000 0000 0000 0000 @@@@@@@@@@@@@@@@
0060 040)0000 0000 0000 0000 0000 0000 0000 0000 @@@@@@@@@@@@@@@@
0060 050)0000 0000 0000 0000 0000 0000 0000 0000 @@@@@@@@@@@@@@@@
0060 060)0000 0000 0000 0000 0000 0000 0000 0000 @@@@@@@@@@@@@@@@
0060 070)0000 0000 0000 0000 0000 0000 0000 0000 @@@@@@@@@@@@@@@@
0060 100)0000 0000 0000 0000 0000 0000 0000 0000 @@@@@@@@@@@@@@@@
0060 110)0000 0000 0000 0000 0000 0000 0000 0000 @@@@@@@@@@@@@@@@
0060 120)0000 0000 0000 0000 0000 0000 0000 0000 @@@@@@@@@@@@@@@@
0060 130)0000 0000 0000 0000 0000 0000 0000 0000 @@@@@@@@@@@@@@@@
0060 140)0000 0000 0000 0000 0000 0000 0000 0000 @@@@@@@@@@@@@@@@
0060 150)0000 0000 0000 0000 0000 0000 0000 0000 @@@@@@@@@@@@@@@@
0060 160)0000 0000 0000 0000 0000 0000 0000 0000 @@@@@@@@@@@@@@@@
0060 170)0000 0000 0000 0000 0000 0000 0000 0000 @@@@@@@@@@@@@@@@

0061 000)0000 0000 0000 0000 0000 0000 0000 6007 @@@@@@@@@@@@@@0G
0061 010)6203 1642 6117 4641 7200 1244 3530 1205 2CN"1O&!:@J$]XJE
0061 020)0176 7106 7004 1210 3234 1205 0074 1267 A>9F8DJHZ\JE@<J7
0061 030)3235 1205 7004 7200 6201 6202 1056 6001 Z]JE8D:@2A2BH.0A
0061 040)5606 5336 5335 6212 4173 4607 3056 6634 .F+^+]2J!;&GX.6\
0061 050)6674 7200 6102 5266 7010 6234 3205 1704 6<:@1B*68H2\ZEOD
0061 060)3206 1243 3704 1245 3530 7402 1056 6202 ZFJ#_DJ%]X<BH.2B
0061 070)5671 5200 0674 4676 1532 3633 0736 1572 .9*@F<&>MZ^[G^M:
0061 100)1532 1312 1521 2473 0000 2023 3300 2251 MZKJMQT;@@PS[@R)
0061 110)0467 4226 2240 2200 5100 5077 2465 4213 D7"VR R@)@(?T5"K
0061 120)3755 7435 7473 7513 4214 7471 7511 1546 _-<]<;=K"L<9=IM&
0061 130)0637 4672 1532 1413 2015 3200 0000 6201 F_&:MZLKPMZ@@@2A
0061 140)1743 6211 5736 0066 6203 1500 3110 1510 O#2I/^@62CM@YHMH
0061 150)0077 1076 3510 1104 5501 6201 1510 0077 @?H>]HID-A2AMH@?
0061 160)3510 5020 3705 2222 1722 0000 4440 0405 ]H(P_ERROR@@$ DE
0061 170)1405 2405 0437 0000 1601 1505 5555 0000 LETED_@@NAME--@@

0062 000)0000 1234 3051 1451 3051 1451 7012 7012 @@J\X)L)X)L)8J8J
0062 010)7012 4220 1451 4220 2051 5205 6203 5600 8J"PL)"PP)*E2C.@
0062 020)0000 0142 7450 5216 1235 7450 1236 7510 @@A"<(*NJ]<(J^=H
0062 030)1075 1237 4424 5620 5045 7741 7456 0237 H=J_$T.P(%?!<.B_
0062 040)5047 5053 5057 5063 4762 4766 4774 2710 ('(+(/(3'2'6'<WH
0062 050)0124 7737 0000 3723 2417 2037 0000 3722 AT?_@@_STOP_@@_R
0062 060)0501 0431 3700 1116 4000 0000 1741 3342 EADY_@IN @@@O!["
0062 070)1742 0076 7650 5333 1525 7040 3343 1502 O"@>>(+[MU8 [#MB
0062 100)3344 1744 1343 7650 5333 3345 1744 3346 [$O$K#>(+[[%O$[&
0062 110)1345 3744 1346 1343 7650 5324 1344 7001 K%_$K&K#>(+TK$8A
0062 120)0347 3344 1346 5305 1502 7001 0347 3502 C'[$K&+EMB8AC']B
0062 130)1742 0077 3742 1742 0350 1073 3742 6202 O"@?_"O"C(H;_"2B
0062 140)5665 0006 0000 0000 0000 0000 0000 7607 .5@F@@@@@@@@@@>G
0062 150)3767 3200 1766 7120 7450 7020 1200 6202 _7Z@O69P<(8PJ@2B
0062 160)7450 5765 7250 5764 1252 1357 0112 1517 <(/5:(/4J*K/AJMO
0062 170)7540 7402 6202 7640 5776 5777 5223 5265 = <B2B> />/?*S*5

0063 000)3204 1644 6211 5604 0000 0000 3204 1245 ZDN$2I.D@@@@ZDJ%
0063 010)6203 3646 1204 4647 5605 0000 3204 1215 2C^&JD&'.E@@ZDJM
0063 020)3205 1250 5210 6201 3232 1651 4205 1232 ZEJ(*H2AZZN)"EJZ
0063 030)6203 5652 0000 1653 4205 4431 3307 4215 2C.*@@N+"E$Y[G"M
0063 040)6203 3653 3654 5655 0115 4547 0565 0564 2C^+^,.-AM%'E5E4
0063 050)4552 5374 1757 1000 0031 1006 1672 3232 %*+<O/H@@YHFN:ZZ
0063 060)1632 1273 7141 1674 6202 7630 5671 5670 NZJ;9!N<2B>X.9.8
0063 070)2170 3625 0053 7752 0016 1170 3706 1706 Q8^U@+?*@NI8_FOF
0063 100)6202 7540 5705 5704 0437 0443 0130 7640 2B= /E/DD_D#AX> 
0063 110)5320 1540 1725 7640 5320 6202 5717 3064 +PM OU> +P2B/OX4
0063 120)1326 3727 6202 5724 4142 3145 3050 4136 KV_W2B/T!"Y%X(!^
0063 130)7201 5324 4260 7702 0104 4011 1620 2524 :A+T"0?BAD INPUT
0063 140)0000 4341 1764 3327 5727 1076 1735 4737 @@#!O4[W/WH>O]'_
0063 150)1736 5727 5147 5144 5145 4513 0077 0470 O^/W)')$)%%K@?D8
0063 160)1363 3024 4350 1362 4775 5741 4745 1361 K3XT#(K2'=/!'%K1
0063 170)2360 7610 4775 1024 4775 5750 0004 0334 S0>H'=HT'=/(@DC\

0064 000)5356 7736 7603 0011 0000 2757 5607 0000 +.?^>C@I@@W/.G@@
0064 010)7740 7710 7650 7700 7750 7640 0000 1026 ? ?H>(?@?(> @@HV
0064 020)1201 7640 5605 1353 4547 1333 1334 3252 JA> .EK+%'K[K\Z*
0064 030)1135 3216 3207 2032 2031 4551 0124 1015 I]ZNZGPZPY%)ATHM
0064 040)3016 3024 1016 3052 1202 3053 7410 4544 XNXTHNX*JBX+<H%$
0064 050)4545 5446 0000 1216 7710 4564 2216 5247 %%,&@@JN?H%4RN*'
0064 060)1252 7041 1334 7640 5247 1335 3207 5310 J*8!K\> *'K]ZG+H
0064 070)1207 7650 5276 3032 4544 5304 2207 5247 JG>(*>XZ%$+DRG*'
0064 100)1207 7650 5304 5253 1026 3207 1216 7041 JG>(+D*+HVZGJN8!
0064 110)1135 7041 3204 1216 7700 5323 1124 3026 I]8!ZDJN?@+SITXV
0064 120)4564 2216 5320 4554 6167 1122 3025 1207 %4RN+P%,17IRXUJG
0064 130)3026 3032 5553 7774 5271 0054 0001 0203 XVXZ-+?<*9@,@ABC
0064 140)5555 4407 6010 7522 0000 1122 3025 3032 --$G0H=R@@IRXUXZ
0064 150)4752 5753 5665 2644 6260 7746 1413 3414 '*/+.5V$20?&LK\L
0064 160)1415 6211 3416 6201 1014 7640 5001 5017 LM2I\N2AHL> (A(O
0064 170)0200 7577 0047 7646 6736 7010 0024 3425 B@=?@'>&7^8H@T\U

0065 000)0000 0000 0000 0000 0000 0000 0000 0000 @@@@@@@@@@@@@@@@
0065 010)0000 0000 0000 0000 0000 0000 0000 0000 @@@@@@@@@@@@@@@@
0065 020)0000 0000 0000 0000 0000 0000 0000 0000 @@@@@@@@@@@@@@@@
0065 030)0000 0000 0000 0000 0000 0000 0000 0000 @@@@@@@@@@@@@@@@
0065 040)0000 0000 0000 0000 0000 0000 0000 0000 @@@@@@@@@@@@@@@@
0065 050)0000 0000 0000 0000 0000 0000 0000 0000 @@@@@@@@@@@@@@@@
0065 060)0000 0000 0000 0000 0000 0000 0000 0000 @@@@@@@@@@@@@@@@
0065 070)0000 0000 0000 0000 0000 0000 0000 0000 @@@@@@@@@@@@@@@@
0065 100)0000 0000 0000 0000 0000 0000 0000 0000 @@@@@@@@@@@@@@@@
0065 110)0000 0000 0000 0000 0000 0000 0000 0000 @@@@@@@@@@@@@@@@
0065 120)0000 0000 0000 0000 0000 0000 0000 0000 @@@@@@@@@@@@@@@@
0065 130)0000 0000 0000 0000 0000 0000 0000 0000 @@@@@@@@@@@@@@@@
0065 140)0000 0000 0000 0000 0000 0000 0000 0000 @@@@@@@@@@@@@@@@
0065 150)0000 0000 0000 0000 0000 0000 0000 0000 @@@@@@@@@@@@@@@@
0065 160)0000 0000 0000 0000 0000 0000 0000 0000 @@@@@@@@@@@@@@@@
0065 170)0000 0000 0000 0000 0000 0000 0000 0000 @@@@@@@@@@@@@@@@

0066 000)0000 5402 4173 0000 0000 0000 4155 5643 @@,B!;@@@@@@!-.#
0066 010)0000 0000 0000 0000 0000 7776 0000 0000 @@@@@@@@@@?>@@@@
0066 020)0000 0000 0464 0000 0000 0000 0000 0000 @@@@D4@@@@@@@@@@
0066 030)0000 0000 0000 7777 0000 6036 0000 0000 @@@@@@??@@0^@@@@
0066 040)0000 0000 0000 0000 0040 0040 0040 0000 @@@@@@@@@ @ @ @@
0066 050)0000 0000 0000 0000 0164 0164 7776 0162 @@@@@@@@A4A4?>A2
0066 060)0100 0000 0000 1617 1605 0000 0560 3702 A@@@@@NONE@@E0_B
0066 070)7356 6000 6007 5400 0000 0000 0000 0000 ;.0@0G,@@@@@@@@@
0066 100)0000 0000 0000 0000 0000 0464 0001 0203 @@@@@@@@@@D4@ABC
0066 110)5555 0000 0000 0000 0000 0000 0000 0000 --@@@@@@@@@@@@@@
0066 120)4154 4154 6167 5442 0015 0007 0177 0137 !,!,17,"@M@GA?A_
0066 130)7777 0014 0012 7766 0077 7772 0010 7770 ??@L@J?6@??:@H?8
0066 140)7700 7774 0040 0003 4051 4735 4705 1702 ?@?<@ @C )']'EOB
0066 150)1715 1734 5367 5703 4000 5141 6400 3525 OMO\+7/C @)!4@]U
0066 160)3171 5362 4031 4014 3600 5661 6431 6423 Y9+2 Y L^@.14Y4S
0066 170)5747 2000 4136 4107 3457 6436 3733 6001 /'P@!^!G\/4^_[0A

0067 000)6201 1120 1230 7710 5210 6202 1121 3120 2AIPJX?H*H2BIQYP
0067 010)2120 1520 0140 7640 5177 3277 1520 6002 QPMPA > )?Z?MP0B
0067 020)4305 1022 3000 7344 3022 6001 5400 0060 #EHRX@;$XR0A,@@0
0067 030)3624 0000 3112 3013 7346 3114 1377 3113 ^T@@YJXK;&YLK?YK
0067 040)3115 5244 2115 3112 1112 1513 7500 5242 YM*$QMYJIJMK=@*"
0067 050)7200 2113 1115 7440 5260 1013 7650 5300 :@QKIM< *0HK>(+@
0067 060)2013 1227 4470 2114 5240 1112 1227 4470 PKJW$8QL* IJJW$8
0067 070)1277 7640 5275 1142 4470 3277 5631 0000 J?> *=I"$8Z?.Y@@
0067 100)1277 7640 5263 1142 5262 0177 0125 3004 J?> *3I"*2A?AUXD
0067 110)1036 7041 1004 7650 5353 1036 4356 1130 H^8!HD>(++H^#.IX
0067 120)3033 1776 3036 1411 6213 3410 4000 2006 X[O>X^LI2K\H @PF
0067 130)5323 1004 4356 6213 1410 4000 3411 2006 +SHD#.2KLH @\IPF
0067 140)5333 1033 3130 1036 3776 1004 3036 1121 +[H[YXH^_>HDX^IQ
0067 150)7001 1036 3006 6213 4000 5705 0333 7040 8AH^XF2K @/EC[8 
0067 160)3006 1375 1373 2006 5362 3010 1131 3011 XFK=K;PF+2XHIYXI
0067 170)1374 3006 5756 0074 7704 5303 3172 0766 K<XF/.@<?D+CY:G6

0070 000)4777 1520 0376 3520 1775 3115 1036 7040 '?MPC>]PO=YMH^8 
0070 010)1515 7650 4774 1324 3115 7340 1046 3012 MM>('<KTYM; H&XJ
0070 020)4560 3412 2115 5221 6201 1044 3045 3034 %0\JQM*Q2AH$X%X\
0070 030)1130 4546 3750 1111 6212 5636 5275 7640 IX%&_(II2J.^*=> 
0070 040)7340 1141 7410 7340 4773 7000 1130 7550 ; I!<H; ';8@IX=(
0070 050)5263 4705 1062 7750 5261 7344 4773 1062 *3'EH2?(*1;$';H2
0070 060)4705 1124 4470 7200 4777 7346 4773 3062 'EIT$8:@'?;&';X2
0070 070)7340 3130 1056 3015 3032 3031 1372 4547 ; YXH.XMXZXYK:%'
0070 100)4550 5630 7640 5505 4562 0231 5771 4565 %(.X> -E%2BY/9%5
0070 110)1054 3016 3024 1030 4560 3416 6201 4566 H,XNXTHX%0\N2A%6
0070 120)5323 4770 5354 2032 7740 4544 4564 5730 +S'8+,PZ? %$%4/X
0070 130)2165 4770 4560 6002 1431 3454 1054 3431 Q5'8%00BLY\,H,\Y
0070 140)1023 7440 3416 4574 0016 4550 6523 7650 HS< \N%<@N%(5S>(
0070 150)1136 7001 1016 3054 1054 3055 6001 5267 I^8AHNX,H,X-0A*7
0070 160)0000 4544 6213 5760 0000 0000 6213 5764 @@%$2K/0@@@@2K/4
0070 170)1600 4252 7163 5374 6627 6601 7767 1365 N@"*93+<6W6A?7K5

0071 000)0000 1003 4777 1035 3205 7402 0126 7450 @@HC'?H]ZE<BAV<(
0071 010)5600 3004 7346 1004 7640 5220 4776 5600 .@XD;&HD> *P'>.@
0071 020)1130 7450 5276 6211 3775 6201 1004 4546 IX<(*>2I_=2AHD%&
0071 030)2327 5270 1004 4546 1774 5276 1004 1133 SW*8HD%&O<*>HDI[
0071 040)7650 5600 1004 0355 7450 5300 1214 7650 >(.@HDC-<(+@JL>(
0071 050)5300 1004 4774 4305 1045 7041 1044 7550 +@HD'<#EH%8!H$=(
0071 060)1142 1133 7710 5600 7350 0406 3406 5600 I"I[?H.@;(DF\F.@
0071 070)7340 1111 7740 5276 1004 4774 4305 5264 ; II? *>HD'<#E*4
0071 100)1125 4774 1125 4774 5600 0000 4560 1444 IU'<IU'<.@@@%0L$
0071 110)7640 4776 4560 1004 3444 6201 2044 1044 > '>%0HD\$2AP$H$
0071 120)7041 1142 1046 7640 5705 1046 3044 5705 8!I"H&> /EH&X$/E
0071 130)0000 1003 4777 3051 4560 1450 7450 5354 @@HC'?X)%0L(<(+,
0071 140)4773 4560 3450 2050 1050 7041 1046 7640 ';%0\(P(H(8!H&> 
0071 150)5354 1046 1272 3050 4772 0140 5730 7352 +,H&J:X(':A /X;*
0071 160)0406 3406 5730 3032 4544 5771 6030 7634 DF\F/XXZ%$/90X>\
0071 170)7766 3307 6020 3400 3341 2334 3544 0305 ?6[G0P\@[!S\]$CE

0072 000)0000 7640 5240 6212 5605 5233 4550 4400 @@> * 2J.E*[%($@
0072 010)7640 5271 1031 3032 4551 0025 4551 0017 > *9HYXZ%)@U%)@O
0072 020)4551 0040 4554 0017 1043 3026 4575 5232 %)@ %,@OH#XV%=*Z
0072 030)2200 5600 4567 4557 4544 4575 7410 5230 R@.@%7%/%$%=<H*X
0072 040)1031 7650 5246 4550 7625 5250 4550 2612 HY>(*&%(>U*(%(VJ
0072 050)4551 0017 4554 0040 1026 3043 4554 0017 %)@O%,@ HVX#%,@O
0072 060)4554 0025 4556 6167 4567 5270 4544 5203 %,@U%.17%7*8%$*C
0072 070)4575 4557 5600 7340 4200 5553 1031 4547 %=%/.@; "@-+HY%'
0072 100)1037 4572 0003 4557 3037 4552 3031 5273 H_%:@C%/X_%*XY*;
0072 110)4334 4551 0040 1043 4547 1124 3043 4200 #\%)@ H#%'ITX#"@
0072 120)5325 4550 1155 7340 5317 4575 5233 4552 +U%(I-; +O%=*[%*
0072 130)3043 4554 0040 5553 0000 1026 1373 7640 X#%,@ -+@@HVK;> 
0072 140)5734 5742 3760 7110 1077 7640 4544 4567 /\/"_09HH?> %$%7
0072 150)4557 4544 1374 3067 5734 1067 1375 7640 %/%$K<X7/\H7K=> 
0072 160)5366 4472 1134 4470 1142 4470 4550 5630 +6$:I\$8I"$8%(.X
0072 170)7640 4557 5553 7735 6653 4076 4550 2612 > %/-+?]6+ >%(VJ

0073 000)4551 6167 1031 4547 1111 1133 7510 4557 %)17HY%'III[=H%/
0073 010)7126 3363 4544 4546 3640 5263 7200 1363 9V[3%$%&^ *3:@K3
0073 020)4546 2377 7610 5207 1111 1222 3363 1763 %&S?>H*GIIJR[3O3
0073 030)3252 4550 2612 7346 4571 7650 4557 4552 Z*%(VJ;&%9>(%/%*
0073 040)1031 7640 5323 4554 6167 4407 6522 7522 HY> +S%,17$G5R=R
0073 050)0000 1522 7402 4562 5553 5674 4565 4575 @@MR<B%2-+.<%5%=
0073 060)4557 1030 5553 1111 1133 7510 5216 7001 %/HX-+III[=H*N8A
0073 070)1363 3363 4544 5217 2506 1362 0464 3745 K3[3%$*OUFK2D4_%
0073 100)4551 6167 4567 5777 4550 2611 4554 1363 %)17%7/?%(VI%,K3
0073 110)4407 0707 4522 1776 3522 7775 0707 2775 $GGG%RO>]R?=GGW=
0073 120)0000 5553 3702 4554 1363 1122 3031 1275 @@-+_B%,K3IRXYJ=
0073 130)3013 7346 3115 1413 7040 3112 1112 0134 XK;&YMLK8 YJIJA\
0073 140)7640 1140 1112 3112 1431 7001 0134 3113 > I IJYJLY8AA\YK
0073 150)1431 1374 0140 1113 6212 5756 5151 2031 LYK<A IK2J/.))PY
0073 160)2115 5333 5252 0000 0000 0000 1322 3067 QM+[**@@@@@@KRX7
0073 170)1276 3105 4677 5765 0100 6164 5764 5355 J>YE&?/5A@14/4+-

0074 000)7340 3360 4550 4400 7650 1026 1323 7640 ; [0%($@>(HVKS> 
0074 010)4557 4551 0023 4550 2611 4554 0023 4556 %/%)@S%(VI%,@S%.
0074 020)6167 7340 1017 3343 2360 5324 1023 7710 17; HO[#S0+THS?H
0074 030)4557 4571 1141 7640 5333 1025 7041 3360 %/%9I!> +[HU8![0
0074 040)4550 2612 4551 6167 4575 5330 4551 7157 %(VJ%)17%=+X%)9/
0074 050)1030 4547 1030 7410 4552 4572 0001 4557 HX%'HX<H%*%:@A%/
0074 060)4547 7000 7000 4550 4400 7640 3025 4566 %'8@8@%($@> XU%6
0074 070)5744 1025 1360 7640 5254 2015 4552 3030 /$HUK0> *,PM%*XX
0074 100)1030 4560 3417 1343 3417 6201 4554 6167 HX%0\OK#\O2A%,17
0074 110)1017 4556 6167 4554 6167 7326 7001 1017 HO%.17%,17;V8AHO
0074 120)4556 6167 4574 7703 4575 4557 1343 5777 %.17%<?C%=%/K#/?
0074 130)7344 4571 7650 4557 4550 2612 4551 6167 ;$%9>(%/%(VJ%)17
0074 140)4575 5333 5250 0000 2400 4570 5361 4550 %=+[*(@@T@%8+1%(
0074 150)4400 7650 1026 1323 7640 5346 3360 5211 $@>(HVKS> +&[0*I
0074 160)0000 7200 1062 7740 4557 4557 4547 1376 @@:@H2? %/%/%'K>
0074 170)4547 5515 6211 3775 5553 0043 7400 2460 %'-M2I_=-+@#<@T0

0075 000)0000 4574 5600 2032 4544 4566 5204 1017 @@%<.@PZ%$%6*DHO
0075 010)7040 1027 4547 1027 7001 3017 3021 4550 8 HW%'HW8AXOXQ%(
0075 020)6523 7650 1137 4552 3115 1027 7041 1057 5S>(I_%*YMHW8!H/
0075 030)7650 5600 4560 1427 3431 1057 3113 1513 >(.@%0LW\YH/YKMK
0075 040)7450 5254 3112 1027 7141 1112 7630 1115 <(*,YJHW9!IJ>XIM
0075 050)1112 3513 1112 5236 7340 1027 3012 1115 IJ]KIJ*^; HWXJIM
0075 060)7040 1027 3017 1115 1054 3054 1016 7040 8 HWXOIMH,X,HN8 
0075 070)1017 3112 1115 1016 3016 1417 3412 2112 HOYJIMHNXNLO\JQJ
0075 100)5275 5201 0000 3315 7340 4322 1315 4560 *=*A@@[M; #RKM%0
0075 110)3415 6201 7340 4322 5702 0000 1715 3302 \M2A; #R/B@@OM[B
0075 120)2315 5304 0000 1015 3015 7326 1055 7161 SM+D@@HMXM;VH-91
0075 130)1015 7630 5777 5722 0000 7340 1734 3012 HM>X/?/R@@; O\XJ
0075 140)7346 4322 7346 3115 1412 4560 3415 6201 ;&#R;&YMLJ%0\M2A
0075 150)2115 5344 7346 4322 2334 5734 0000 4547 QM+$;&#RS\/\@@%'
0075 160)4472 4552 6213 4765 5553 5000 4547 4776 $:%*2K'5-+(@%''>
0075 170)4552 3112 6213 5512 7001 7110 2534 4473 %*YJ2K-J8A9HU\$;

0076 000)0000 3014 4337 1377 6211 3113 7301 3112 @@XL#_K?2IYK;AYJ
0076 010)1513 7012 0125 7110 7040 3114 4263 5227 MK8JAU9H8 YL"3*W
0076 020)2113 1513 7440 5205 4346 6201 5600 1513 QKMK< *E#&2A.@MK
0076 030)0125 7001 7040 1112 3114 4337 4263 0004 AU8A8 IJYL#_"3@D
0076 040)4346 1513 4561 7006 0134 1376 3013 1014 #&MK%18FA\K>XKHL
0076 050)7450 5255 1013 7640 5261 6201 4346 1013 <(*-HK> *12A#&HK
0076 060)5600 4330 5225 0000 3337 6211 2114 7410 .@#X*U@@[_2IQL<H
0076 070)5663 7301 1112 7010 1113 3012 1412 7430 .3;AIJ8HIKXJLJ<X
0076 100)5303 4561 7004 0134 7450 1355 1375 1026 +C%18DA\<(K-K=HV
0076 110)7640 5320 7340 3337 6201 4544 2112 5265 > +P; [_2A%$QJ*5
0076 120)6211 2263 2337 5663 4330 1137 4346 5663 2IR3S_.3#XI_#&.3
0076 130)0000 4552 3026 4554 0017 6211 5730 0000 @@%*XV%,@O2I/X@@
0076 140)6201 4551 0017 1026 4547 5737 0000 1237 2A%)@OHV%'/_@@J_
0076 150)1015 3015 5746 0000 4562 0122 7410 2353 HMXM/&@@%2AR<HS+
0076 160)4570 7410 2353 6213 5753 6212 5767 5256 %8<HS+2K/+2J/7*.
0076 170)4566 5774 5773 0531 0525 7641 7746 0771 %6/</;EYEU>!?&G9

0077 000)4565 4566 4557 4574 5202 2032 4637 3130 %5%6%/%<*BPZ&_YX
0077 010)4467 1026 3130 4544 4471 4470 4545 0123 $7HVYX%$$9$8%%AS
0077 020)2041 4564 5213 4564 4467 4545 0123 1225 P!%4*K%4$7%%ASJU
0077 030)5223 4564 4564 4635 5636 5620 0510 5607 *S%4%4&].^.PEH.G
0077 040)4336 1054 3016 4317 5771 4770 1031 3027 #^H,XN#O/9'8HYXW
0077 050)5243 4336 2032 1140 3025 1034 7650 5266 *##^PZI XUH\>(*6
0077 060)3034 4471 7330 4470 2025 5261 4471 1124 X\$9;X$8PU*1$9IT
0077 070)4470 4317 5304 4472 1030 4762 4544 4471 $8#O+D$:HX'2%$$9
0077 100)4470 4566 5276 5271 1025 7640 5772 1140 $8%6*>*9HU> /:I 
0077 110)3025 4471 7330 4470 2025 5311 5773 0000 XU$9;X$8PU+I/;@@
0077 120)1124 3026 4573 5717 4552 3115 1115 4547 ITXV%;/O%*YMIM%'
0077 130)1030 7041 1115 7700 2317 5717 0000 4566 HX8!IM?@SO/O@@%6
0077 140)5344 3031 7350 5354 4565 1030 3031 4567 +$XY;(+,%5HXXY%7
0077 150)5366 4544 4565 1030 4547 1031 3030 4566 +6%$%5HX%'HYXX%6
0077 160)5202 4574 0231 1031 3027 5736 1031 5354 *B%<BYHYXW/^HY+,
0077 170)1600 4235 7124 5077 4550 4400 7650 4566 N@"]9T(?%($@>(%6

0100 000)4557 4407 0522 0000 4560 1417 7450 4557 %/$GER@@%0LO<(%/
0100 010)3112 1417 3325 6201 1017 4555 6167 1522 YJLO[U2AHO%-17MR
0100 020)7700 1256 1220 3243 4407 1522 7522 0000 ?@J.JPZ#$GMR=R@@
0100 030)4556 6167 1143 1017 4555 6167 4407 2522 %.17I#HO%-17$GUR
0100 040)7522 0000 1522 7402 5253 7340 1017 3112 =R@@MR<B*+; HOYJ
0100 050)4560 3512 5553 1112 3030 4574 0050 1325 %0]J-+IJXX%<@(KU
0100 060)3017 3026 5553 4750 4777 1054 3055 4551 XOXV-+'('?H,X-%)
0100 070)7736 4554 0106 4351 1057 3027 4573 5776 ?^%,AF#)H/XW%;/>
0100 100)3032 4544 2022 5307 4334 7410 2015 4750 XZ%$PR+G#\<HPM'(
0100 110)3031 1030 3062 4571 7540 5775 1374 3112 XYHXX2%9= /=K<YJ
0100 120)6211 1512 6201 3325 4550 0000 7450 5276 2IMJ2A[U%(@@<(*>
0100 130)3030 4574 4557 5300 0000 1334 3022 5177 XX%<%/+@@@K\XR)?
0100 140)4351 7340 1060 3027 7340 3030 4773 5307 #); H0XW; XX';+G
0100 150)1365 0000 7200 1124 3026 1062 4572 0001 K5@@:@ITXVH2%:@A
0100 160)5751 3062 4550 4400 7650 4566 5200 4560 /)X2%($@>(%6*@%0
0100 170)3417 5352 0000 5620 3750 1561 0464 6627 \O+*@@.P_(M1D46W

0101 000)0000 1111 4547 1117 4547 1114 4547 1200 @@II%'IO%'IL%'J@
0101 010)4547 4544 3117 1353 4547 3353 4563 5223 %'%$YOK+%'[+%3*S
0101 020)5241 5344 5777 1376 3025 7344 1111 7450 *!+$/?K>XU;$II<(
0101 030)5261 7001 7650 5336 4576 5354 4200 2015 *18A>(+^%>+,"@PM
0101 040)5775 1122 3025 4774 2353 5251 7330 1425 /=IRXU'<S+*);XLU
0101 050)3425 3353 4546 3640 5256 3111 4576 7410 \U[+%&^ *.YI%><H
0101 060)4557 1111 3116 1116 1137 7700 3116 1116 %/IIYNINI_?@YNIN
0101 070)7041 1117 7710 5323 1117 1373 3114 1514 8!IO?H+SIOK;YLML
0101 100)3307 1117 7640 4554 0112 4407 0112 5772 [GIO> %,AJ$GAJ/:
0101 110)7522 0000 1122 3025 1116 1117 7650 5366 =R@@IRXUINIO>(+6
0101 120)4552 3117 5267 4576 7410 5236 1117 4547 %*YO*7%><H*^IO%'
0101 130)1025 3333 4551 0000 1116 3117 4544 4563 HU[[%)@@INYO%$%3
0101 140)5234 5241 5344 5357 4550 4400 7440 5771 *\*!+$+/%($@< /9
0101 150)1122 3025 5244 0000 7344 1111 7540 4557 IRXU*$@@;$II= %/
0101 160)7640 5336 1353 7040 3353 5336 4552 3353 > +^K+8 [++^%*[+
0101 170)5553 5710 5021 5400 5731 7741 7160 7617 -+/H(Q,@/Y?!90>O

0102 000)4547 3114 2114 4551 6167 4567 5214 4777 %'YLQL%)17%7*L'?
0102 010)4552 2015 2015 5201 1055 3024 1114 1376 %*PMPM*AH-XTILK>
0102 020)3023 4550 4435 4554 6167 4556 6167 7352 XS%($]%,17%.17;*
0102 030)1023 7440 5217 7330 4552 7041 3345 4551 HS< *O;X%*8![%%)
0102 040)0017 1111 4547 1024 4547 7410 4552 4572 @OII%'HT%'<H%*%:
0102 050)0011 4557 7200 4571 1375 6212 5657 5307 @I%/:@%9K=2J./+G
0102 060)1345 7640 5246 2015 1062 4547 1030 3062 K%> *&PMH2%'HXX2
0102 070)4544 4546 3640 4576 4557 1111 4547 4544 %$%&^ %>%/II%'%$
0102 100)7332 3112 1055 3025 4570 5274 1026 0315 ;ZYJH-XU%8*<HVCM
0102 110)4561 7010 3113 4544 4562 0037 5324 1026 %18HYK%$%2@_+THV
0102 120)0315 1113 3113 4544 2112 4560 1425 7041 CMIKYK%$QJ%0LU8!
0102 130)1112 7640 4557 1113 3425 6201 1141 1025 IJ> %/IK\U2AI!HU
0102 140)3025 4567 5346 4544 5304 0000 2112 4560 XU%7+&%$+D@@QJ%0
0102 150)1425 6201 7041 1112 7650 5332 4546 3640 LU2A8!IJ>(+Z%&^ 
0102 160)7410 5274 7344 1111 7041 4552 7640 5274 <H*<;$II8!%*> *<
0102 170)5774 0000 6221 5771 5112 7773 2000 2600 /<@@2Q/9)J?;P@V@

0103 000)4544 2025 5206 4471 1142 4470 4545 5446 %$PU*F$9I"$8%%,&
0103 010)6235 7340 4571 7640 5222 1377 4571 7650 2]; %9> *RK?%9>(
0103 020)5553 7340 4547 4546 3640 4576 4557 4776 -+; %'%&^ %>%/'>
0103 030)2015 4775 4560 2415 5774 4523 1373 7450 PM'=%0TM/<%SK;<(
0103 040)5252 1124 4547 4471 4552 7450 7330 4470 **IT%'$9%*<(;X$8
0103 050)5307 4523 1372 7440 1371 7040 3025 1061 +G%SK:< K98 XUH1
0103 060)1371 1025 7510 5276 7200 6002 1124 4770 K9HU=H*>:@0BIT'8
0103 070)1124 4770 1372 3061 6001 7410 3025 2025 IT'8K:X10A<HXUPU
0103 100)7410 5307 4471 1142 4470 5277 7340 3025 <H+G$9I"$8*?; XU
0103 110)4545 5445 6230 2025 5211 4557 4471 1142 %%,%2XPU*I%/$9I"
0103 120)4470 1070 1367 7640 5336 1125 1061 1124 $8H8K7> +^IUH1IT
0103 130)7510 5327 7640 5316 4544 5206 4471 4470 =H+W> +N%$*F$9$8
0103 140)5334 0000 7450 1026 4770 1012 1373 7450 +\@@<(HV'8HJK;<(
0103 150)5362 1366 7510 7610 1140 7710 2061 5741 +2K6=H>HI ?HP1/!
0103 160)1124 5344 1372 3061 1132 5344 7755 0422 IT+$K:X1IZ+$?-DR
0103 170)3400 0110 7670 7763 4337 5665 2600 7752 \@AH>8?3#_.5V@?*

0104 000)0000 6201 3012 1034 7640 5255 1051 7640 @@2AXJH\> *-H)> 
0104 010)5235 1136 1035 3227 1036 7160 3115 7740 *]I^H]ZWH^90YM? 
0104 020)7010 2115 5220 1136 6117 7200 1012 7402 8HQM*PI^1O:@HJ<B
0104 030)3051 1777 6117 7200 5255 4560 1447 7640 X)O?1O:@*-%0L'> 
0104 040)4344 4560 1012 3447 2047 1047 7041 1046 #$%0HJ\'P'H'8!H&
0104 050)7640 5255 1046 1217 3047 6201 5600 0000 > *-H&JOX'2A.@@@
0104 060)1030 7710 5321 4560 1057 3031 1057 3027 HX?H+Q%0H/XYH/XW
0104 070)1027 3012 1030 7041 1412 7450 5307 7700 HWXJHX8!LJ<(+G?@
0104 100)5310 1027 3031 1427 7440 5267 7410 2257 +HHWXYLW< *7<HR/
0104 110)1027 7001 3017 3021 6201 5657 2055 0000 HW8AXOXQ2A./P-@@
0104 120)0000 7340 1060 3027 5307 0000 6002 7200 @@; H0XW+G@@0B:@
0104 130)6201 1126 3344 1325 7110 3130 6212 4776 2AIV[$KU9HYX2J'>
0104 140)4775 1374 3022 5744 0000 7340 1217 1046 '=K<XR/$@@; JOH&
0104 150)3012 1217 3115 4560 3412 2115 5354 6201 XJJOYM%0\JQM+,2A
0104 160)1047 3050 1344 3325 1120 7041 1006 7650 H'X(K$[UIP8!HF>(
0104 170)5330 5333 7766 7776 0400 1365 5065 5335 +X+[?6?>D@K5(5+]

0105 000)0000 4545 4164 6303 4546 1774 5265 1026 @@%%!43C%&O<*5HV
0105 010)1377 2024 5232 1023 4560 3416 6201 3023 K?PT*ZHS%0\N2AXS
0105 020)1453 1133 7141 1016 7630 4557 5600 1376 L+I[9!HN>X%/.@K>
0105 030)1142 5211 4561 3023 7340 3024 5600 2024 I"*I%1XS; XT.@PT
0105 040)5245 3023 1127 4470 5600 1052 7041 1016 *%XSIW$8.@H*8!HN
0105 050)7650 5600 1016 3115 7340 3024 7340 1016 >(.@HNYM; XT; HN
0105 060)3016 4560 1515 0140 5241 4551 0017 1200 XN%0MMA *!%)@OJ@
0105 070)4547 4775 4552 3200 1052 3016 4554 0017 %''=%*Z@H*XN%,@O
0105 100)3026 5235 0000 4560 6202 1445 3026 3445 XV*]@@%02BL%XV\%
0105 110)6201 1026 7650 5326 2045 1045 7041 1142 2AHV>(+VP%H%8!I"
0105 120)1046 7640 5325 1046 3045 5702 7340 1302 H&> +UH&X%/B; KB
0105 130)3022 4774 4000 0000 1111 1135 7710 5733 XR'< @@@III]?H/[
0105 140)1111 1137 7710 2333 5733 0000 1373 3070 III_?HS[/[@@K;X8
0105 150)1372 3071 1371 3072 5745 1370 3105 5767 K:X9K9X:/%K8YE/7
0105 160)1366 3066 1076 5765 4330 1143 0460 7317 K6X6H>/5#XI#D0;O
0105 170)7132 6007 6000 7356 5600 5374 0037 7740 9Z0G0@;..@+<@_? 

0106 000)0000 7340 1600 3012 7346 3115 4552 3412 @@; N@XJ;&YM%*\J
0106 010)2115 5206 2200 5600 0000 4546 3640 5614 QM*FR@.@@@%&^ .L
0106 020)2214 4562 5614 7410 5614 2214 4570 2214 RL%2.L<H.LRL%8RL
0106 030)5614 0000 1026 1377 3111 7326 1111 7450 .L@@HVK?YI;VII<(
0106 040)5631 2231 1376 7740 5631 1111 7700 2231 .YRYK>? .YII?@RY
0106 050)5631 0000 2021 5264 1020 0134 1142 3026 .Y@@PQ*4HPA\I"XV
0106 060)4545 4167 5004 5651 4560 1417 6201 3020 %%!7(D.)%0LO2AXP
0106 070)7340 3021 1020 4561 7004 5255 1032 7640 ; XQHP%18D*-HZ> 
0106 100)5651 5252 1125 3026 5651 1124 5303 0000 .)**IUXV.)IT+C@@
0106 110)4566 7610 5321 1026 1341 7650 5333 4544 %6>H+QHVK!>(+[%$
0106 120)5310 4560 1427 7450 5334 3027 1027 3017 +H%0LW<(+\XWHWXO
0106 130)3021 1417 3030 2307 6201 5707 0000 3030 XQLOXXSG2A/G@@XX
0106 140)4574 7644 4573 5353 4544 4571 1736 7640 %<>$%;++%$%9O^> 
0106 150)5342 2336 1030 2336 5736 0000 0001 0002 +"S^HXS^/^@@@A@B
0106 160)0003 0004 0005 0006 0007 0015 0007 0177 @C@D@E@F@G@M@GA?
0106 170)0137 0100 0040 6212 5775 4646 7765 7720 A_A@@ 2J/=&&?5?P

0107 000)4565 4575 4557 7340 1017 4547 1062 4547 %5%=%/; HO%'H2%'
0107 010)1377 4547 5776 7340 3031 4550 5740 4775 K?%'/>; XY%(/ '=
0107 020)6213 4774 4240 4773 2031 5772 4566 4557 2K'<" ';PY/:%6%/
0107 030)4560 3457 7326 1057 3054 1054 3055 5772 %0\/;VH/X,H,X-/:
0107 040)0000 6211 1524 3063 1771 3064 1770 3065 @@2IMTX3O9X4O8X5
0107 050)6201 5640 3037 1124 3043 4571 1135 7510 2A. X_ITX#%9I]=H
0107 060)5767 1366 3112 6211 1512 6201 3112 5512 /7K6YJ2IMJ2AYJ-J
0107 070)4550 2612 4571 1125 7450 5302 1365 7640 %(VJ%9IU<(+BK5> 
0107 100)4557 7340 3113 4523 7570 5334 7041 3112 %/; YK%S=8+\8!YJ
0107 110)4565 2112 5315 1030 4547 4567 5321 4544 %5QJ+MHX%'%7+Q%$
0107 120)5310 4575 5300 1112 7710 5334 4552 3030 +H%=+@IJ?H+\%*XX
0107 130)1030 2113 5553 5203 1062 3030 5553 4407 HXQK-+*CH2XX-+$G
0107 140)7764 0000 4551 5761 4554 6167 4550 1310 ?4@@%)/1%,17%(KH
0107 150)4550 1572 5763 4552 3030 4574 2460 4552 %(M:/3%*XX%<T0%*
0107 160)5756 5522 3441 3251 1363 0004 4707 2540 /.-R\!Z)K3@D'GU 
0107 170)0017 0016 0464 6627 2661 6603 2531 4353 @O@ND46WV16CUY#+

0110 000)4570 4557 1026 0223 4561 7010 3023 4544 %8%/HVBS%18HXS%$
0110 010)4563 5334 5222 5727 1026 1332 7640 5235 %3+\*R/WHVKZ> *]
0110 020)2031 5225 4562 0037 5235 1026 0223 1023 PY*U%2@_*]HVBSHS
0110 030)3023 4544 4546 3640 5334 4560 1055 3025 XS%$%&^ +\%0H-XU
0110 040)1054 7041 1025 7650 5265 1425 7141 1023 H,8!HU>(*5LU9!HS
0110 050)7450 5733 7420 7041 7106 7650 4557 1425 <(/[<P8!9F>(%/LU
0110 060)7710 7340 1141 1025 5237 1125 1055 7141 ?H; I!HU*_IUH-9!
0110 070)1015 7630 5276 1054 3055 4557 7301 7006 HM>X*>H,X-%/;A8F
0110 100)1055 3025 1023 7700 5310 1024 3425 2025 H-XUHS?@+HHT\UPU
0110 110)1023 3425 6201 1025 4547 7301 1055 3025 HS\U2AHU%';AH-XU
0110 120)4552 3055 4556 7160 5726 4602 4623 4626 %*X-%.90/V&B&S&V
0110 130)2600 0046 7734 4604 4576 5235 1023 3114 V@@&?\&D%>*]HSYL
0110 140)4730 7330 4552 3023 4523 7530 4557 3024 'X;X%*XS%S=X%/XT
0110 150)4567 5725 4551 0023 4550 2611 4554 0023 %7/U%)@S%(VI%,@S
0110 160)4523 0140 7010 7640 5346 1024 0140 7640 %SA 8H> +&HTA > 
0110 170)5346 1024 4561 6211 1731 6201 3024 7332 +&HT%12IOY2AXT;Z

0111 000)1023 3023 4777 5776 1023 7700 5217 7340 HSXS'?/>HS?@*O; 
0111 010)1025 3025 1425 7041 1024 7640 5775 6201 HUXULU8!HT> /=2A
0111 020)7346 1025 3025 4555 6167 5553 1026 0374 ;&HUXU%-17-+HVC<
0111 030)1023 4546 3577 7410 5776 1111 7650 5276 HS%&]?<H/>II>(*>
0111 040)4551 0017 1026 4547 4544 1026 3025 4552 %)@OHV%'%$HVXU%*
0111 050)3026 4554 0017 1111 1373 3115 6211 1515 XV%,@OIIK;YM2IMM
0111 060)1025 7640 5776 1111 4547 4544 4544 4546 HU> />II%'%$%$%&
0111 070)3640 4576 4557 4552 7001 5553 4544 4570 ^ %>%/%*8A-+%$%8
0111 100)4557 7350 1026 4547 5266 0000 7450 1026 %/;(HV%'*6@@<(HV
0111 110)7041 3115 1705 3012 6211 1412 6201 7510 8!YMOEXJ2ILJ2A=H
0111 120)5331 1115 7640 5314 1705 7040 1012 3111 +YIM> +LOE8 HJYI
0111 130)7410 2305 2305 7300 5705 0000 7450 1026 <HSESE;@/E@@<(HV
0111 140)7041 3115 1735 3012 2335 1412 7510 5362 8!YMO]XJS]LJ=H+2
0111 150)1115 7640 5345 1012 1735 3335 6211 1735 IM> +%HJO][]2IO]
0111 160)6201 3335 7300 2335 5735 0000 4470 6213 2A[];@S]/]@@$82K
0111 170)5765 7650 5462 3620 0037 4462 4435 5665 /5>(,2^P@_$2$].5

0112 000)0000 6213 4777 5600 2776 4775 5600 4407 @@2K'?.@W>'=.@$G
0112 010)6100 0216 6150 0774 0000 5553 6014 0000 1@BN1(G<@@-+0L@@
0112 020)0000 7773 0425 1772 6425 6050 5264 0425 @@?;DUO:4U0(*4DU
0112 030)6100 3216 2771 6150 5264 0425 6110 5244 1@ZNW91(*4DU1H*$
0112 040)0774 4773 7773 0425 0000 4523 7510 7041 G<';?;DU@@%S=H8!
0112 050)7040 3200 4407 0774 0000 5261 4407 3773 8 Z@$GG<@@*1$G_;
0112 060)0000 2200 5256 5275 0773 0000 4550 5467 @@R@*.*=G;@@%(,7
0112 070)4407 3425 0000 4550 5466 4407 5770 7301 $G\U@@%(,6$G/8;A
0112 100)3025 4566 4557 4767 1051 7640 5303 1025 XU%6%/'7H)> +CHU
0112 110)3034 5766 4544 1026 1330 7640 4557 4550 X\/6%$HVKX> %/%(
0112 120)2611 4575 5316 4552 3062 1062 3030 4574 VI%=+N%*X2H2XX%<
0112 130)7703 4552 3055 4552 3111 4554 0017 3031 ?C%*X-%*YI%,@OXY
0112 140)5765 0000 7440 5346 7340 1025 3013 7340 /5@@< +&; HUXK; 
0112 150)1741 3014 7346 3115 4560 1413 6201 3414 O!XL;&YM%0LK2A\L
0112 160)2115 5354 2341 5741 4776 7741 0464 2534 QM+,S!/!'>?!D4U\
0112 170)2710 3516 5764 6164 7157 0231 0277 1200 WH]N/4149/BYB?J@

0113 000)3325 7010 3326 1115 3327 1012 3330 1111 [U8H[VIM[WHJ[XII
0113 010)3331 1560 3332 1546 3336 1723 3333 3003 [YM0[ZM&[^OS[[XC
0113 020)3005 1320 3223 7402 1141 3255 7340 1255 XEKPZS<BI!Z-; J-
0113 030)3253 1137 1253 3241 6213 4000 1005 6117 Z+I_J+Z!2K @HE1O
0113 040)7200 7402 7410 4721 1005 6117 7110 7450 :@<B<H'QHE1O9H<(
0113 050)1316 1317 3005 7402 5257 7402 4722 2003 KNKOXE<B*/<B'RPC
0113 060)2223 1003 6212 5664 5167 1335 6117 7200 RSHC2J.4)7K]1O:@
0113 070)1520 4707 1327 3115 1330 3012 1331 3111 MP'GKWYMKXXJKYYI
0113 100)1332 3560 1336 3546 1333 3723 2724 0305 KZ]0K^]&K[_SWTCE
0113 110)1326 7104 1325 6244 6001 5400 4004 0004 KV9DKU2$0A,@ D@D
0113 120)1337 0600 0730 6020 7404 0000 0000 0000 K_F@GX0P<D@@@@@@
0113 130)0000 0000 0000 0000 7777 0000 0000 6046 @@@@@@@@??@@@@0&
0113 140)7417 7417 7417 7417 7417 7417 7417 6212 <O<O<O<O<O<O<O2J
0113 150)5736 0000 1031 7640 4567 4557 4551 6167 /^@@HY> %7%/%)17
0113 160)3031 5751 0000 7106 7006 7006 5762 0000 XY/)@@9F8F8F/2@@
0113 170)4560 1415 6201 5767 0000 6212 5777 5223 %0LM2A/7@@2J/?*S

0114 000)0425 1425 2425 3425 4425 5000 1026 4547 DULUTU\U$U(@HV%'
0114 010)4551 0017 4551 6167 1015 3017 3021 1135 %)@O%)17HMXOXQI]
0114 020)3031 2032 4544 4566 7410 5231 4470 2031 XYPZ%$%6<H*Y$8PY
0114 030)5222 4554 6167 4554 0017 4552 3026 3031 *R%,17%,@O%*XVXY
0114 040)3032 5323 0000 6213 4777 5642 0073 0054 XZ+S@@2K'?."@;@,
0114 050)0047 0042 0015 0134 4407 0106 0000 1376 @'@"@MA\$GAF@@K>
0114 060)1375 1374 1373 1372 1371 1370 1367 1366 K=K<K;K:K9K8K7K6
0114 070)1365 3115 6213 5515 0000 1364 3070 1363 K5YM2K-M@@K4X8K3
0114 100)3071 1362 3072 5674 1026 1361 7640 5323 X9K2X:.<HVK1> +S
0114 110)1102 7110 1103 7640 4544 4567 5760 4544 IB9HIC> %$%7/0%$
0114 120)4274 1357 3066 4550 3307 7640 5553 4472 "<K/X6%([G> -+$:
0114 130)4550 2612 1031 7640 5206 5343 1356 7710 %(VJHY> *F+#K.?H
0114 140)5343 1124 4470 4755 7340 5323 4471 1124 +#IT$8'-; +S$9IT
0114 150)4470 7001 5553 0617 0177 5000 0016 0460 $88A-+FOA?(@@ND0
0114 160)1150 7735 7312 7271 6541 2201 7700 7677 I(?];J:95!RA?@>?
0114 170)7661 7775 7761 7740 0561 7757 0047 2161 >1?=?1? E1?/@'Q1

0115 000)0000 1600 7040 0520 1600 3520 5177 0000 @@N@8 EPN@]P)?@@
0115 010)1060 3016 3024 1060 3052 1377 3053 5607 H0XNXTH0X*K?X+.G
0115 020)0000 1060 3017 3021 1124 3053 4544 5620 @@H0XOXQITX+%$.P
0115 030)4207 4467 5235 7301 5553 4564 4566 5231 "G$7*];A-+%4%6*Y
0115 040)4564 4220 5553 0000 7300 1243 6213 3776 %4"P-+@@;@J#2K_>
0115 050)5775 0000 4562 5257 7410 2251 2251 6213 /=@@%2*/<HR)R)2K
0115 060)5651 0000 6213 4774 5661 0000 4552 3117 .)@@2K'<.1@@%*YO
0115 070)7344 1111 7041 4552 7640 4557 4544 5665 ;$II8!%*> %/%$.5
0115 100)2015 4575 4557 3012 4552 3115 1012 5515 PM%=%/XJ%*YMHJ-M
0115 110)3114 4726 4552 7510 5727 1330 3114 6211 YL'V%*=H/WKXYL2I
0115 120)1514 6201 3324 4550 0000 5773 2600 3000 ML2A[T%(@@/;V@X@
0115 130)3654 0000 6213 4772 4407 7425 0000 5731 ^,@@2K':$G<U@@/Y
0115 140)4575 5553 7301 4771 4550 5630 5553 0000 %=-+;A'9%(.X-+@@
0115 150)1026 1370 7710 5747 1026 1367 7750 2347 HVK8?H/'HVK7?(S'
0115 160)5747 2074 4000 0000 2330 0000 0000 7646 /'P< @@@SX@@@@>&
0115 170)7677 5374 1000 7741 1143 0203 0200 0057 >?+<H@?!I#BCB@@/

0116 000)0000 4220 5205 0000 5600 1200 5215 0000 @@"P*E@@.@J@*M@@
0116 010)4220 0014 7410 5607 1207 3022 4777 2000 "P@L<H.GJGXR'?P@
0116 020)0000 4560 1447 6201 7640 5620 1047 7041 @@%0L'2A> .PH'8!
0116 030)1050 7550 1142 7041 7001 7450 5620 7001 H(=(I"8!8A<(.P8A
0116 040)7450 5620 2220 1211 7750 2220 5620 4776 <(.PRPJI?(RP.P'>
0116 050)3024 4550 4400 7650 4575 4557 1031 7650 XT%($@>(%=%/HY>(
0116 060)5255 4551 0025 4551 0017 1023 7104 7130 *-%)@U%)@OHS9D9X
0116 070)3023 1024 0140 3024 4551 0023 2032 4550 XSHTA XT%)@SPZ%(
0116 100)1155 3364 4554 0023 5307 2032 4544 2024 I-[4%,@S+GPZ%$PT
0116 110)4550 4435 4551 0023 4550 7626 1775 1364 %($]%)@S%(>VO=K4
0116 120)3364 4554 0023 4556 6167 4575 5305 1024 [4%,@S%.17%=+EHT
0116 130)0140 3024 4550 4435 1364 4774 4556 6167 A XT%($]K4'<%.17
0116 140)4554 0017 4554 0025 5553 0000 2113 5352 %,@O%,@U-+@@QK+*
0116 150)1114 5362 7340 3113 1413 3114 1114 7012 IL+2; YKLKYLIL8J
0116 160)7012 7012 0134 5745 0000 0000 0000 0000 8J8JA\/%@@@@@@@@
0116 170)0000 0000 4607 5524 6477 7604 1134 5600 @@@@&G-T4?>DI\.@

0117 000)4777 4550 2611 4267 4547 4567 4557 4550 '?%(VI"7%'%7%/%(
0117 010)2611 4267 3302 4552 3301 4554 6167 1376 VI"7[B%*[A%,17K>
0117 020)3014 3112 1301 7041 7110 1014 3013 7430 XLYJKA8!9HHLXK<X
0117 030)7240 3113 7430 1413 3114 7340 1302 3302 : YK<XLKYL; KB[B
0117 040)1302 1301 7041 1135 7740 5206 1135 3031 KBKA8!I]? *FI]XY
0117 050)4775 4303 2031 7410 5263 2302 5250 1134 '=#CPY<H*3SB*(I\
0117 060)4303 2031 5257 2031 2015 5666 7745 0000 #CPY*/PYPM.6?%@@
0117 070)4523 7570 5206 7041 1125 7550 5206 1135 %S=8*F8!IU=(*FI]
0117 100)5667 0000 0000 0000 2112 5311 1115 3414 .7@@@@@@QJ+IIM\L
0117 110)5703 4561 0140 3115 7340 3112 5703 4777 /C%1A YM; YJ/C'?
0117 120)4550 2611 1031 7450 5206 3032 1135 3302 %(VIHY<(*FXZI][B
0117 130)3267 4554 6167 4407 7774 0000 1376 3013 Z7%,17$G?<@@K>XK
0117 140)3113 1376 3014 3112 4775 3301 1301 7001 YKK>XLYJ'=[AKA8A
0117 150)0140 7640 5360 1301 4303 2302 5344 5263 A > +0KA#CSB+$*3
0117 160)1267 7650 5365 1301 5354 1373 3013 3113 J7>(+5KA+,K;XKYK
0117 170)2267 5344 5760 1362 1363 6145 6166 5351 R7+$/0K2K31%16+)

0120 000)0000 7440 5205 7340 1025 3013 7340 1600 @@< *E; HUXK; N@
0120 010)3014 7346 3115 1414 4560 3413 6201 2115 XL;&YMLL%0\K2AQM
0120 020)5213 2200 5600 0000 1377 1026 7650 2223 *KR@.@@@K?HV>(RS
0120 030)5623 0000 1231 3223 1376 5225 0000 1375 .S@@JYZSK>*U@@K=
0120 040)1026 7440 1374 7650 2236 1236 5233 3114 HV< K<>(R^J^*[YL
0120 050)7346 3112 7360 1122 3013 1413 1373 7430 ;&YJ;0IRXKLKK;<X
0120 060)5272 2114 0134 7001 0140 7640 5272 2114 *:QLA\8AA > *:QL
0120 070)2112 5255 7200 3031 1114 4277 5553 0000 QJ*-:@XYIL"?-+@@
0120 100)3112 1372 3013 6211 3413 3413 1371 3413 YJK:XK2I\K\KK9\K
0120 110)3413 1112 3413 3413 4407 6010 7522 0000 \KIJ\K\K$G0H=R@@
0120 120)5677 4554 6167 3032 4551 0017 4544 4575 .?%,17XZ%)@O%$%=
0120 130)5326 4566 5321 4554 0017 4544 4571 7001 +V%6+Q%,@O%$%98A
0120 140)5553 0000 7450 1026 3115 1341 4547 1115 -+@@<(HVYMK!%'IM
0120 150)4547 1115 4672 4552 1376 7640 5553 1132 %'IM&:%*K>> -+IZ
0120 160)3115 5347 4770 1367 3105 5766 7341 2463 YM+''8K7YE/6;!T3
0120 170)6603 0217 0042 0100 7713 7731 7763 7724 6CBO@"A@?K?Y?3?T

0121 000)6777 7000 7000 0000 6212 4777 3602 1202 7?8@8@@@2J'?^BJB
0121 010)7001 0376 3202 1201 7140 1202 0125 7650 8AC>ZBJA9 JBAU>(
0121 020)5225 1203 3022 4775 1000 6001 5603 0000 *UJCXR'=H@0A.C@@
0121 030)1105 1374 7640 5627 3601 6202 1201 7001 IEK<> .W^A2BJA8A
0121 040)0376 3201 1601 7450 5627 1121 3115 1515 C>ZANA<(.WIQYMMM
0121 050)0200 3515 5627 0000 7300 2075 5302 7344 B@]M.W@@;@P=+B;$
0121 060)1074 3074 7346 3075 6221 1474 2074 0343 H<X<;&X=2QL<P<C#
0121 070)7106 7006 3026 1474 0343 1026 7006 7006 9F8FXVL<C#HV8F8F
0121 100)7004 5342 1074 0126 7760 5340 1073 1250 8D+"H<AV?0+ H;J(
0121 110)3074 1253 4547 4203 1074 3330 1076 3332 X<J+%'"CH<[XH>[Z
0121 120)1077 7110 2076 7410 2077 7201 6212 4773 H?9HP><HP?:A2J';
0121 130)0000 7620 0000 4227 4552 3253 7344 3075 @@>P@@"W%*Z+;$X=
0121 140)6221 1474 2074 7400 6201 0126 7450 5254 2QL<P<<@2AAV<(*,
0121 150)1133 7112 7450 5254 7006 1304 7440 5365 I[9J<(*,8FKD< +5
0121 160)2253 3076 3077 1372 3067 1371 3026 5653 R+X>X?K:X7K9XV.+
0121 170)1015 0032 3702 3000 7314 5600 7607 3561 HM@Z_BX@;L.@>G]1

0122 000)0000 0000 0000 0000 0000 0000 0000 0000 @@@@@@@@@@@@@@@@
0122 010)0000 4777 4550 2612 1026 4547 4551 0017 @@'?%(VJHV%'%)@O
0122 020)7240 4547 4551 6167 1015 3017 3021 4544 : %'%)17HMXOXQ%$
0122 030)6213 4776 1015 1375 3015 4554 0017 4552 2K'>HMK=XM%,@O%*
0122 040)3026 5610 4774 1140 4210 1132 4571 7650 XV.H'<I "HIZ%9>(
0122 050)4557 4571 1373 7450 5335 1372 7640 5250 %/%9K;<(+]K:> *(
0122 060)4567 5322 4550 2611 4523 7570 4557 3104 %7+R%(VI%S=8%/YD
0122 070)1036 7640 1104 1140 7750 4575 5266 1140 H^> IDI ?(%=*6I 
0122 100)4777 1104 6213 4771 4557 7104 3102 7004 '?ID2K'9%/9DYB8D
0122 110)3103 7346 3101 1073 3100 1104 7104 7040 YC;&YAH;Y@ID9D8 
0122 120)3104 5347 1132 5267 1070 1370 7650 5767 YD+'IZ*7H8K8>(/7
0122 130)4550 7415 4766 4765 5767 4575 5250 6213 %(<M'6'5/7%=*(2K
0122 140)4764 7104 3076 7004 3077 3075 3074 4765 '49DX>8DX?X=X<'5
0122 150)5553 4575 4557 3037 1124 3043 5553 2014 -+%=%/X_ITX#-+PL
0122 160)0000 0000 0000 4557 3530 6627 1365 0464 @@@@@@%/]X6WK5D4
0122 170)0422 3177 0021 0005 6603 0004 2661 7541 DRY?@Q@E6C@DV1=!

0123 000)0000 6221 2101 5251 3115 7344 1100 3100 @@2QQA*)YM;$I@Y@
0123 010)4256 4256 6201 7346 3101 1100 0126 7640 ".".2A;&YAI@AV> 
0123 020)5600 2104 5226 3102 3103 4557 1073 3100 .@QD*VYBYC%/H;Y@
0123 030)4777 1073 3244 1102 3246 1103 7110 2102 '?H;Z$IBZ&IC9HQB
0123 040)7410 2103 6212 4776 0000 7620 0000 4775 <HQC2J'>@@>P@@'=
0123 050)5600 0126 3500 2100 6201 5600 0000 1115 .@AV]@Q@2A.@@@IM
0123 060)7106 7006 3115 1115 0374 1500 3500 2100 9F8FYMIMC<M@]@Q@
0123 070)5656 0000 1271 4547 1373 1073 7141 1100 ..@@J9%'K;H;9!I@
0123 100)7620 5553 7330 4470 1073 7041 1100 7640 >P-+;X$8H;8!I@> 
0123 110)5302 5553 0000 1312 4547 1135 5274 1026 +B-+@@KJ%'I]*<HV
0123 120)1372 7640 5326 4544 1136 7410 1036 4547 K:> +V%$I^<HH^%'
0123 130)4550 5740 4777 4552 1371 3066 6213 4770 %(/ '?%*K9X62K'8
0123 140)7410 4767 4766 4550 7137 4560 3457 6201 <H'7'6%(9_%0\/2A
0123 150)7326 1057 3054 1365 3067 5764 0000 6002 ;VH/X,K5X7/4@@0B
0123 160)4763 6001 5756 3341 0467 6653 4240 7010 '30A/.[!D76+" 8H
0123 170)2661 0560 7734 0176 7400 6627 3000 6603 V1E0?\A><@6WX@6C

0124 000)3115 4552 6212 5757 0000 1107 1204 3106 YM%*2J//@@IGJDYF
0124 010)1204 3107 5553 1377 3066 1102 7110 1103 JDYG-+K?X6IB9HIC
0124 020)7650 5776 4775 1374 4470 1073 7041 1100 >(/>'=K<$8H;8!I@
0124 030)7640 5223 3102 3103 5553 2105 4773 6211 > *SYBYC-+QE';2I
0124 040)1063 3524 1064 3772 1065 3771 6201 1036 H3]TH4_:H5_92AH^
0124 050)1370 3066 3104 1057 7041 1054 7110 2104 K8X6YDH/8!H,9HQD
0124 060)1367 7500 5257 7300 4550 7101 3034 4775 K7=@*/;@%(9AX\'=
0124 070)5766 7330 3062 4550 5740 4773 6213 4765 /6;XX2%(/ ';2K'5
0124 100)1062 7640 1140 4341 6213 4764 2757 4763 H2> I #!2K'4W/'3
0124 110)5762 7330 3062 1132 4470 4773 1062 7640 /2;XX2IZ$8';H2> 
0124 120)1140 4341 6213 4706 4472 6213 4761 5324 I #!2K'F$:2K'1+T
0124 130)5307 2032 4544 4545 5450 6240 4471 4470 +GPZ%$%%,(2 $9$8
0124 140)5332 0000 3112 1026 1360 7650 5354 1036 +Z@@YJHVK0>(+,H^
0124 150)1112 1370 3066 5741 4544 1136 5350 5200 IJK8X6/!%$I^+(*@
0124 160)7734 3465 0464 6627 3177 2661 2251 7654 ?\\5D46WY?V1R)>,
0124 170)0560 0017 0016 6603 0232 5474 1150 0460 E0@O@N6CBZ,<I(D0

0125 000)0000 0000 0000 0000 0000 0000 0000 0000 @@@@@@@@@@@@@@@@
0125 010)0000 0000 0000 0000 0000 0000 0000 0000 @@@@@@@@@@@@@@@@
0125 020)0000 0000 0000 0000 0000 0000 0000 0000 @@@@@@@@@@@@@@@@
0125 030)0000 0000 0000 0000 0000 0000 0000 0000 @@@@@@@@@@@@@@@@
0125 040)0000 0000 0000 0000 0000 0000 0000 0000 @@@@@@@@@@@@@@@@
0125 050)0000 0000 0000 0000 0000 0000 0000 0000 @@@@@@@@@@@@@@@@
0125 060)0000 0000 0000 0000 0000 0000 0000 0000 @@@@@@@@@@@@@@@@
0125 070)0000 0000 0000 0000 0000 0000 0000 0000 @@@@@@@@@@@@@@@@
0125 100)0000 0000 0000 0000 0000 0000 0000 0000 @@@@@@@@@@@@@@@@
0125 110)0000 0000 0000 0000 0000 0000 0000 0000 @@@@@@@@@@@@@@@@
0125 120)0000 0000 0000 0000 0000 0000 0000 0000 @@@@@@@@@@@@@@@@
0125 130)0000 0000 0000 0000 0000 0000 0000 0000 @@@@@@@@@@@@@@@@
0125 140)0000 0000 0000 0000 0000 0000 0000 0000 @@@@@@@@@@@@@@@@
0125 150)0000 0000 0000 0000 0000 0000 0000 0000 @@@@@@@@@@@@@@@@
0125 160)0000 0000 0000 0000 0000 0000 0000 0000 @@@@@@@@@@@@@@@@
0125 170)0000 0000 0000 0000 0000 0000 0000 0000 @@@@@@@@@@@@@@@@
